,kmeans_n_clusters_1,kmeans_n_clusters_2,kmeans_n_clusters_3,kmeans_n_clusters_4,kmeans_n_clusters_5,kmeans_n_clusters_6,kmeans_n_clusters_7,kmeans_n_clusters_8,dbscan_eps_0_1_min_samples_2,dbscan_eps_0_2_min_samples_2,dbscan_eps_0_3_min_samples_2,dbscan_eps_0_4_min_samples_2,dbscan_eps_0_5_min_samples_2,dbscan_eps_0_6_min_samples_2,dbscan_eps_0_7_min_samples_2,dbscan_eps_0_8_min_samples_2,dbscan_eps_0_9_min_samples_2,kernel_kmeans_n_clusters_1_kernel_gak_random_state_0,kernel_kmeans_n_clusters_2_kernel_gak_random_state_0,kernel_kmeans_n_clusters_3_kernel_gak_random_state_0,kernel_kmeans_n_clusters_4_kernel_gak_random_state_0,kernel_kmeans_n_clusters_5_kernel_gak_random_state_0,kernel_kmeans_n_clusters_6_kernel_gak_random_state_0,kernel_kmeans_n_clusters_7_kernel_gak_random_state_0,kernel_kmeans_n_clusters_8_kernel_gak_random_state_0,spectral_clustering_n_clusters_1_eigen_solver_arpack_affinity_nearest_neighbors,spectral_clustering_n_clusters_2_eigen_solver_arpack_affinity_nearest_neighbors,spectral_clustering_n_clusters_3_eigen_solver_arpack_affinity_nearest_neighbors,spectral_clustering_n_clusters_4_eigen_solver_arpack_affinity_nearest_neighbors,spectral_clustering_n_clusters_5_eigen_solver_arpack_affinity_nearest_neighbors,spectral_clustering_n_clusters_6_eigen_solver_arpack_affinity_nearest_neighbors,spectral_clustering_n_clusters_7_eigen_solver_arpack_affinity_nearest_neighbors,spectral_clustering_n_clusters_8_eigen_solver_arpack_affinity_nearest_neighbors,mean_shift_,optics_,random_model_n1,random_model_n2,random_model_n3,random_model_n4,random_model_n5,random_model_n6,random_model_n7,random_model_n8,random_model_n9,random_model_n10,random_model_n11
0,0,1,1,3,4,0,2,3,0,0,0,0,0,0,0,0,0,0,1,1,3,1,0,0,7,0,1,0,2,0,4,4,5,1,0,0,2,0,1,0,1,0,0,1,2,2
1,0,1,1,0,0,3,1,1,0,0,0,0,0,0,0,0,0,0,1,1,0,1,2,4,3,0,1,0,1,4,0,0,4,1,-1,2,2,1,0,2,0,0,2,2,1,1
2,0,0,2,1,3,5,0,6,1,1,0,0,0,0,0,0,0,0,0,2,1,4,4,1,2,0,0,1,0,3,3,6,1,0,14,0,2,2,2,1,0,0,1,2,0,0
3,0,1,1,3,4,0,2,3,-1,0,0,0,0,0,0,0,0,0,1,1,3,1,0,0,7,0,1,0,2,0,4,4,5,1,-1,1,2,0,2,2,2,0,2,1,0,2
4,0,0,0,2,2,1,5,4,2,2,0,0,0,0,0,0,0,0,0,0,2,0,1,5,4,0,0,2,3,1,5,3,6,0,-1,0,1,1,0,2,2,2,1,0,0,1
5,0,0,2,1,1,2,0,6,1,1,0,0,0,0,0,0,0,0,0,2,1,4,5,1,2,0,0,1,0,3,2,1,7,0,13,0,1,0,2,0,0,0,2,1,0,1
6,0,1,1,3,4,0,2,3,0,0,0,0,0,0,0,0,0,0,1,1,3,1,0,0,6,0,1,0,2,0,4,5,0,1,0,0,1,1,1,0,2,1,2,0,0,0
7,0,1,0,2,2,4,3,7,3,3,0,0,0,0,0,0,0,0,0,0,2,0,1,3,4,0,0,2,1,1,2,1,7,0,-1,0,2,0,2,1,1,2,2,0,0,2
8,0,0,0,2,2,4,3,7,2,2,0,0,0,0,0,0,0,0,0,0,2,0,1,3,4,0,0,2,1,1,5,3,6,0,-1,0,2,1,0,2,0,2,0,1,2,0
9,0,0,2,1,1,1,5,0,2,2,0,0,0,0,0,0,0,0,0,2,1,4,3,5,1,0,0,2,3,2,1,2,2,0,-1,1,2,1,2,1,1,1,0,2,2,1
10,0,0,0,2,2,4,3,2,-1,1,0,0,0,0,0,0,0,0,0,0,2,3,1,6,0,0,0,1,1,1,2,1,7,0,-1,1,1,0,2,2,1,2,2,0,1,2
11,0,0,2,1,1,1,5,0,4,2,0,0,0,0,0,0,0,0,0,2,1,4,3,1,1,0,0,2,3,2,1,2,2,0,-1,1,1,1,2,2,2,2,0,0,2,0
12,0,1,1,3,4,0,2,3,0,0,0,0,0,0,0,0,0,0,1,1,3,1,0,0,6,0,1,0,2,0,4,5,0,1,-1,1,0,1,1,2,1,0,0,1,0,0
13,0,0,0,2,1,1,5,0,2,2,0,0,0,0,0,0,0,0,0,2,2,4,3,5,1,0,0,2,3,2,1,2,2,0,-1,0,2,0,2,0,0,2,0,2,2,1
14,0,0,2,1,3,5,4,5,5,1,0,0,0,0,0,0,0,0,0,2,1,2,4,2,5,0,0,1,0,3,3,6,1,0,18,0,0,2,0,0,1,2,2,1,0,1
15,0,1,1,3,4,0,2,3,0,0,0,0,0,0,0,0,0,0,1,1,3,1,0,0,6,0,1,0,2,0,4,5,0,1,5,1,0,1,0,0,0,1,0,1,2,1
16,0,0,2,1,3,5,0,6,1,1,0,0,0,0,0,0,0,0,0,2,1,2,4,1,2,0,0,1,0,3,3,6,1,0,-1,2,0,1,0,2,2,2,2,0,0,2
17,0,1,1,3,4,0,2,3,6,0,0,0,0,0,0,0,0,0,1,1,3,1,0,0,6,0,1,0,2,0,4,5,0,1,-1,2,2,1,1,0,2,2,2,0,1,0
18,0,1,1,3,4,0,2,3,0,0,0,0,0,0,0,0,0,0,1,1,3,1,0,0,7,0,1,0,2,0,4,4,5,1,0,2,1,2,1,0,0,1,2,0,1,2
19,0,0,2,1,1,2,0,6,1,1,0,0,0,0,0,0,0,0,0,2,1,4,5,1,2,0,0,1,0,3,2,1,7,0,-1,2,2,2,1,1,1,2,2,1,1,0
20,0,1,1,0,0,3,1,1,7,0,0,0,0,0,0,0,0,0,1,1,0,3,2,4,3,0,1,0,1,4,0,0,4,1,-1,1,0,2,2,0,1,1,2,2,0,0
21,0,0,2,1,1,2,6,2,1,1,0,0,0,0,0,0,0,0,0,2,2,3,5,6,0,0,0,1,0,3,2,1,7,0,-1,1,1,2,1,0,1,0,0,0,2,2
22,0,0,0,2,2,4,3,7,8,2,0,0,0,0,0,0,0,0,0,0,2,0,1,3,4,0,0,2,1,1,5,3,3,0,28,0,0,2,1,2,0,0,1,0,1,2
23,0,0,2,1,1,2,6,2,1,1,0,0,0,0,0,0,0,0,0,2,2,3,5,6,0,0,0,1,0,3,2,1,7,0,12,2,0,2,2,1,1,2,1,1,1,0
24,0,0,2,1,1,2,6,6,1,1,0,0,0,0,0,0,0,0,0,2,2,4,5,6,0,0,0,1,0,3,2,1,7,0,12,2,2,2,1,1,2,0,1,2,0,0
25,0,0,2,1,3,5,0,6,1,1,0,0,0,0,0,0,0,0,0,2,1,4,4,1,2,0,0,1,0,3,3,6,1,0,-1,0,2,1,1,1,0,1,1,2,1,0
26,0,1,1,0,0,3,1,1,0,0,0,0,0,0,0,0,0,0,1,1,0,1,2,4,3,0,1,0,1,4,0,0,4,1,6,1,0,2,0,1,2,0,1,2,2,1
27,0,0,0,2,2,2,6,2,9,1,0,0,0,0,0,0,0,0,0,0,2,3,5,6,0,0,0,1,1,3,2,1,7,0,-1,0,0,2,2,1,1,0,1,1,0,0
28,0,0,2,1,3,5,4,5,1,1,0,0,0,0,0,0,0,0,0,2,1,2,4,1,2,0,0,1,0,3,3,6,1,0,16,0,1,0,2,2,2,2,0,1,2,0
29,0,1,1,0,0,3,1,1,0,0,0,0,0,0,0,0,0,0,1,1,0,3,2,4,3,0,1,0,1,4,0,0,4,1,-1,0,1,0,0,2,0,2,2,0,2,2
30,0,0,2,1,1,1,5,0,4,2,0,0,0,0,0,0,0,0,0,2,1,4,3,1,1,0,0,2,3,2,1,2,2,0,-1,0,0,2,2,0,0,1,0,0,0,1
31,0,1,1,0,0,3,1,1,0,0,0,0,0,0,0,0,0,0,1,1,0,1,2,4,3,0,1,0,1,4,0,0,4,1,7,0,0,2,1,1,1,2,2,0,1,2
32,0,1,1,0,0,3,1,1,0,0,0,0,0,0,0,0,0,0,1,1,0,1,2,4,6,0,1,0,1,4,0,0,4,1,-1,2,0,0,1,2,0,2,0,0,0,0
33,0,0,2,1,3,5,0,6,1,1,0,0,0,0,0,0,0,0,0,2,1,4,4,1,2,0,0,1,0,3,3,6,1,0,-1,2,0,2,0,1,1,2,0,2,1,0
34,0,0,2,1,1,2,6,2,1,1,0,0,0,0,0,0,0,0,0,2,2,3,5,6,0,0,0,1,0,3,2,1,7,0,12,0,1,2,1,0,1,0,2,1,0,0
35,0,0,2,1,1,1,5,0,2,2,0,0,0,0,0,0,0,0,0,2,1,4,3,5,1,0,0,2,3,2,1,2,2,0,20,1,0,1,2,2,2,1,2,1,0,1
36,0,0,0,2,1,2,6,2,1,1,0,0,0,0,0,0,0,0,0,0,2,3,5,6,0,0,0,1,1,3,2,1,7,0,-1,0,1,2,2,1,1,0,0,0,1,2
37,0,0,0,2,1,2,6,2,1,1,0,0,0,0,0,0,0,0,0,0,2,3,5,6,0,0,0,1,1,3,2,1,7,0,-1,0,2,1,2,0,1,0,0,0,0,0
38,0,0,2,1,1,2,0,6,1,1,0,0,0,0,0,0,0,0,0,2,1,4,5,1,2,0,0,1,0,3,2,1,7,0,-1,0,0,0,1,1,2,1,1,1,0,2
39,0,0,0,2,2,4,3,4,2,2,0,0,0,0,0,0,0,0,0,0,2,0,1,3,4,0,0,2,1,1,5,3,6,0,-1,2,1,0,1,1,2,1,0,0,2,0
40,0,0,2,1,3,5,4,5,1,1,0,0,0,0,0,0,0,0,0,2,1,2,4,2,5,0,0,1,0,3,3,6,1,0,-1,1,0,1,2,0,0,1,2,0,2,0
41,0,0,2,1,3,5,4,5,10,1,0,0,0,0,0,0,0,0,0,2,1,2,4,2,5,0,0,1,0,3,3,6,1,0,-1,1,2,2,0,1,1,1,2,0,1,2
42,0,1,1,0,0,3,1,1,0,0,0,0,0,0,0,0,0,0,1,1,0,1,2,4,3,0,1,0,1,4,0,0,4,1,9,1,2,0,2,2,2,0,2,2,1,0
43,0,0,2,1,1,1,5,0,2,2,0,0,0,0,0,0,0,0,0,2,1,4,3,5,1,0,0,2,3,2,1,2,2,0,20,0,1,2,1,2,2,0,0,1,0,0
44,0,0,0,2,2,4,3,7,2,2,0,0,0,0,0,0,0,0,0,0,2,0,1,3,4,0,0,2,1,1,5,3,6,0,27,2,2,1,1,2,1,0,0,0,2,0
45,0,1,1,3,4,0,2,3,-1,-1,0,0,0,0,0,0,0,0,1,1,3,1,0,0,7,0,1,0,2,0,4,4,5,1,-1,1,1,1,1,1,1,0,2,1,1,0
46,0,0,0,2,2,1,5,4,2,2,0,0,0,0,0,0,0,0,0,0,2,0,3,5,4,0,0,2,3,1,5,3,6,0,24,1,0,0,2,1,0,0,2,1,0,1
47,0,1,1,0,0,3,1,1,0,0,0,0,0,0,0,0,0,0,1,1,0,1,2,4,3,0,1,0,1,4,0,0,4,1,-1,1,2,1,2,1,1,0,1,1,0,0
48,0,1,1,3,4,0,2,3,0,0,0,0,0,0,0,0,0,0,1,1,3,1,0,0,7,0,1,0,2,0,4,4,5,1,0,0,2,0,1,0,2,1,2,1,1,1
49,0,1,1,3,4,0,2,3,0,0,0,0,0,0,0,0,0,0,1,1,3,1,0,0,6,0,1,0,2,4,0,5,0,1,-1,1,2,2,0,1,0,2,0,0,0,1
50,0,1,1,3,4,0,2,3,0,0,0,0,0,0,0,0,0,0,1,1,3,1,0,0,6,0,1,0,2,0,0,5,0,1,-1,0,0,0,1,2,1,2,1,2,2,2
51,0,0,2,1,3,5,0,6,1,1,0,0,0,0,0,0,0,0,0,2,1,2,4,1,2,0,0,1,0,3,3,6,1,0,-1,0,0,2,2,2,1,0,2,2,2,0
52,0,1,1,0,2,4,3,7,11,2,0,0,0,0,0,0,0,0,1,0,0,0,1,3,4,0,0,2,1,1,5,3,3,1,-1,0,1,1,2,2,0,0,0,1,2,0
53,0,0,2,1,1,2,0,6,1,1,0,0,0,0,0,0,0,0,0,2,1,4,5,1,2,0,0,1,0,3,2,1,7,0,15,0,0,0,0,0,2,1,0,0,2,2
54,0,1,0,0,0,3,1,1,12,0,0,0,0,0,0,0,0,0,1,1,0,3,2,4,3,0,1,0,1,4,0,0,4,1,10,0,1,1,0,0,2,0,0,0,0,1
55,0,0,0,2,2,1,5,4,2,2,0,0,0,0,0,0,0,0,0,0,2,0,1,5,4,0,0,2,3,1,5,3,6,0,25,0,2,2,1,2,0,1,1,2,2,0
56,0,1,1,3,4,0,2,3,0,0,0,0,0,0,0,0,0,0,1,1,3,1,0,0,7,0,1,0,2,0,4,4,5,1,1,1,1,0,0,0,0,1,2,2,1,0
57,0,1,1,0,0,3,1,1,0,0,0,0,0,0,0,0,0,0,1,1,0,1,2,4,6,0,1,0,2,4,0,0,0,1,-1,1,1,2,1,0,1,0,2,2,1,2
58,0,0,0,2,2,4,3,4,2,2,0,0,0,0,0,0,0,0,0,0,2,0,1,3,4,0,0,2,3,1,5,3,6,0,-1,0,2,0,0,1,0,0,2,0,0,0
59,0,1,1,3,4,0,2,3,0,0,0,0,0,0,0,0,0,0,1,1,3,1,0,0,6,0,1,0,2,0,0,5,0,1,-1,2,2,0,0,1,2,1,0,1,2,1
60,0,0,2,1,3,5,4,5,-1,2,0,0,0,0,0,0,0,0,0,2,1,2,4,2,5,0,0,2,3,2,1,2,2,0,-1,0,2,1,0,0,0,0,1,1,0,2
61,0,1,1,3,4,0,2,3,0,0,0,0,0,0,0,0,0,0,1,1,3,1,0,0,7,0,1,0,2,0,4,4,5,1,1,2,2,2,1,0,1,2,2,2,0,0
62,0,1,1,3,4,0,2,3,0,0,0,0,0,0,0,0,0,0,1,1,3,1,0,0,7,0,1,0,2,0,4,4,5,1,0,1,0,0,1,0,0,0,2,0,2,2
63,0,0,2,1,3,5,0,6,1,1,0,0,0,0,0,0,0,0,0,2,1,2,4,1,2,0,0,1,0,3,3,6,1,0,-1,2,1,1,0,1,1,1,1,2,0,1
64,0,0,2,1,3,5,4,5,-1,1,0,0,0,0,0,0,0,0,0,2,1,2,4,1,2,0,0,1,0,3,3,6,1,0,-1,2,0,1,0,1,2,0,2,1,2,2
65,0,0,0,2,2,4,3,7,8,2,0,0,0,0,0,0,0,0,0,0,2,0,1,3,4,0,0,2,1,1,5,3,3,0,28,1,1,1,0,2,0,0,1,2,0,1
66,0,1,1,3,4,0,2,3,0,0,0,0,0,0,0,0,0,0,1,1,3,1,0,0,6,0,1,0,2,0,4,5,0,1,-1,2,0,2,1,2,0,0,2,1,2,1
67,0,1,1,0,0,3,1,1,0,0,0,0,0,0,0,0,0,0,1,1,0,1,2,4,3,0,1,0,1,4,0,0,4,1,-1,2,2,1,2,2,0,2,0,2,2,2
68,0,0,0,2,1,2,6,2,1,1,0,0,0,0,0,0,0,0,0,2,2,3,5,6,0,0,0,1,0,3,2,1,7,0,12,2,2,0,1,2,0,0,0,0,0,0
69,0,0,0,2,1,2,6,2,1,1,0,0,0,0,0,0,0,0,0,2,2,3,5,6,0,0,0,1,0,3,2,1,7,0,-1,1,0,1,0,1,1,1,2,1,0,2
70,0,0,0,2,2,4,6,2,9,1,0,0,0,0,0,0,0,0,0,0,2,3,5,6,0,0,0,1,1,3,2,1,7,0,-1,2,1,1,1,0,0,1,2,0,0,1
71,0,0,2,1,3,5,4,0,13,2,0,0,0,0,0,0,0,0,0,2,1,4,4,1,1,0,0,2,3,2,1,2,2,0,29,2,2,1,0,2,0,2,0,1,0,0
72,0,1,1,0,0,3,1,1,0,0,0,0,0,0,0,0,0,0,1,1,0,1,2,4,3,0,1,0,1,4,0,0,4,1,6,0,1,2,0,1,2,2,2,0,2,1
73,0,0,0,2,1,1,5,4,2,2,0,0,0,0,0,0,0,0,0,0,2,0,3,5,4,0,0,2,3,1,5,3,6,0,23,1,1,0,1,2,0,1,0,1,0,1
74,0,1,1,3,4,0,2,3,14,0,0,0,0,0,0,0,0,0,1,1,3,1,0,0,7,0,1,0,2,0,4,4,5,1,-1,2,1,1,1,2,1,0,2,2,2,0
75,0,0,2,1,3,5,0,6,1,1,0,0,0,0,0,0,0,0,0,2,1,4,4,1,2,0,0,1,0,3,3,6,1,0,-1,2,2,0,1,1,2,0,1,0,0,1
76,0,1,1,0,0,3,1,1,0,0,0,0,0,0,0,0,0,0,1,1,0,1,2,4,3,0,1,0,1,4,0,0,4,1,8,0,1,0,2,0,2,0,0,2,0,2
77,0,1,1,0,0,3,1,1,0,0,0,0,0,0,0,0,0,0,1,1,0,1,2,4,3,0,1,0,1,4,0,0,4,1,-1,2,1,1,2,0,0,0,0,0,1,0
78,0,0,2,1,1,2,0,6,1,1,0,0,0,0,0,0,0,0,0,2,1,4,5,6,0,0,0,1,0,3,2,1,7,0,12,1,1,1,1,1,2,2,0,2,2,1
79,0,1,1,3,4,0,2,3,0,0,0,0,0,0,0,0,0,0,1,1,3,1,0,0,6,0,1,0,2,0,4,5,0,1,5,2,0,1,0,2,1,0,1,0,1,1
80,0,0,0,2,2,1,5,4,2,2,0,0,0,0,0,0,0,0,0,0,2,0,1,5,4,0,0,2,3,1,5,3,6,0,25,1,2,2,1,1,1,1,1,0,2,2
81,0,0,2,1,3,5,4,5,1,1,0,0,0,0,0,0,0,0,0,2,1,2,4,2,5,0,0,1,0,3,3,6,1,0,-1,1,1,0,2,0,0,0,2,1,0,0
82,0,1,1,0,0,3,1,1,0,0,0,0,0,0,0,0,0,0,1,1,0,1,2,4,3,0,1,0,1,4,0,0,4,1,-1,2,1,1,2,0,2,1,2,1,2,0
83,0,0,0,2,1,2,6,2,1,1,0,0,0,0,0,0,0,0,0,0,2,3,5,6,0,0,0,1,1,3,2,1,7,0,-1,0,1,1,2,0,1,2,1,2,0,1
84,0,1,1,3,4,0,2,3,0,0,0,0,0,0,0,0,0,0,1,1,3,1,0,0,6,0,1,0,2,0,4,5,0,1,-1,0,0,2,2,1,0,1,2,0,1,1
85,0,1,1,3,4,0,2,3,0,0,0,0,0,0,0,0,0,0,1,1,3,1,0,0,6,0,1,0,2,0,4,5,0,1,-1,2,1,1,1,0,2,2,0,0,1,2
86,0,1,1,3,4,0,2,3,0,0,0,0,0,0,0,0,0,0,1,1,3,1,0,0,6,0,1,0,2,0,4,5,0,1,5,2,1,1,2,0,2,1,0,2,2,2
87,0,1,1,3,4,0,2,3,0,0,0,0,0,0,0,0,0,0,1,1,3,1,0,0,7,0,1,0,2,0,4,4,5,1,1,0,0,2,2,1,2,0,1,1,1,0
88,0,1,1,0,0,3,1,1,0,0,0,0,0,0,0,0,0,0,1,1,0,1,2,4,3,0,1,0,1,4,0,0,4,1,-1,1,0,1,1,1,1,0,0,0,1,2
89,0,0,0,2,1,2,6,2,1,1,0,0,0,0,0,0,0,0,0,0,2,3,5,6,0,0,0,1,1,3,2,1,7,0,-1,1,1,1,0,2,1,2,2,1,0,2
90,0,0,0,2,1,1,5,4,2,2,0,0,0,0,0,0,0,0,0,0,2,0,3,5,4,0,0,2,3,1,5,3,6,0,23,2,2,1,2,2,0,0,1,0,2,2
91,0,0,0,2,1,2,6,2,1,1,0,0,0,0,0,0,0,0,0,0,2,3,5,6,0,0,0,1,1,3,2,1,7,0,-1,1,0,2,2,1,0,1,2,1,0,0
92,0,0,0,2,2,4,3,4,2,2,0,0,0,0,0,0,0,0,0,0,2,0,1,3,4,0,0,2,3,1,5,3,6,0,-1,0,1,1,0,0,1,2,1,1,0,2
93,0,0,0,2,2,4,3,4,2,2,0,0,0,0,0,0,0,0,0,0,2,0,1,3,4,0,0,2,3,1,5,3,6,0,26,0,1,0,0,1,1,1,1,1,0,2
94,0,1,1,0,2,4,3,7,11,2,0,0,0,0,0,0,0,0,1,0,0,0,1,3,4,0,0,2,1,1,5,3,3,1,-1,2,2,2,1,2,0,2,0,1,0,2
95,0,0,0,2,1,2,6,2,1,1,0,0,0,0,0,0,0,0,0,0,2,3,5,6,0,0,0,1,1,3,2,1,7,0,-1,2,2,2,2,1,1,2,2,1,2,2
96,0,0,0,2,1,1,5,4,2,2,0,0,0,0,0,0,0,0,0,0,2,0,3,5,1,0,0,2,3,2,1,2,6,0,-1,0,1,2,2,2,0,0,1,1,2,2
97,0,0,2,1,1,1,5,0,2,2,0,0,0,0,0,0,0,0,0,2,1,4,3,5,1,0,0,2,3,2,1,2,2,0,-1,1,1,1,1,0,2,0,0,1,1,2
98,0,0,0,2,1,1,5,0,2,2,0,0,0,0,0,0,0,0,0,0,2,4,3,5,1,0,0,2,3,2,1,2,2,0,-1,2,1,1,0,1,1,0,2,2,1,2
99,0,0,0,2,1,2,6,2,15,1,0,0,0,0,0,0,0,0,0,2,2,3,5,6,0,0,0,1,0,3,2,1,7,0,-1,2,2,1,2,2,0,2,2,1,1,1
100,0,0,2,1,1,1,5,0,-1,2,0,0,0,0,0,0,0,0,0,2,2,4,3,5,1,0,0,2,3,2,1,2,2,0,-1,0,0,0,1,2,1,0,0,2,0,2
101,0,1,1,3,4,0,2,3,0,0,0,0,0,0,0,0,0,0,1,1,3,1,0,0,6,0,1,0,2,0,4,5,0,1,2,1,0,2,2,2,2,1,1,0,2,0
102,0,1,1,3,4,0,2,3,0,0,0,0,0,0,0,0,0,0,1,1,3,1,0,0,6,0,1,0,2,0,4,5,0,1,-1,0,2,2,2,1,0,1,2,0,2,1
103,0,1,1,3,4,0,2,3,14,0,0,0,0,0,0,0,0,0,1,1,3,1,0,0,7,0,1,0,2,0,4,4,5,1,-1,0,2,1,2,0,1,1,1,0,2,2
104,0,1,1,0,0,3,1,1,0,0,0,0,0,0,0,0,0,0,1,1,0,1,2,4,3,0,1,0,1,4,0,0,4,1,6,1,1,2,2,2,0,0,1,0,0,0
105,0,0,0,2,2,1,5,4,2,2,0,0,0,0,0,0,0,0,0,0,2,0,1,5,4,0,0,2,3,1,5,3,6,0,25,2,2,0,0,0,2,2,1,1,2,2
106,0,1,1,3,4,0,2,3,0,0,0,0,0,0,0,0,0,0,1,1,3,1,0,0,6,0,1,0,2,4,0,5,0,1,4,2,1,0,1,2,1,2,0,1,1,1
107,0,0,0,2,1,2,6,2,1,1,0,0,0,0,0,0,0,0,0,0,2,3,5,6,0,0,0,1,1,3,2,1,7,0,-1,0,1,2,1,0,0,1,2,2,1,0
108,0,0,2,1,3,5,0,6,1,1,0,0,0,0,0,0,0,0,0,2,1,4,4,1,2,0,0,1,0,3,3,6,1,0,14,1,0,0,1,1,0,0,2,0,1,1
109,0,0,0,2,1,2,6,2,1,1,0,0,0,0,0,0,0,0,0,0,2,3,5,6,0,0,0,1,0,3,2,1,7,0,-1,0,0,2,0,1,1,1,2,0,0,2
110,0,0,2,1,3,5,4,5,1,1,0,0,0,0,0,0,0,0,0,2,1,2,4,1,2,0,0,1,0,3,3,6,1,0,16,0,0,0,1,1,2,0,0,1,2,0
111,0,1,1,3,4,0,2,3,16,0,0,0,0,0,0,0,0,0,1,1,3,1,0,0,7,0,1,0,2,0,4,4,5,1,-1,0,2,1,2,0,0,0,2,0,0,2
112,0,1,1,0,0,3,1,1,7,0,0,0,0,0,0,0,0,0,1,1,0,3,2,4,3,0,1,0,1,4,0,0,4,1,-1,2,1,0,0,2,2,0,1,2,0,1
113,0,1,1,3,4,0,2,3,0,0,0,0,0,0,0,0,0,0,1,1,3,1,0,0,7,0,1,0,2,0,4,4,5,1,0,2,0,1,1,1,0,1,2,0,2,0
114,0,0,2,1,3,5,0,6,1,1,0,0,0,0,0,0,0,0,0,2,1,4,4,1,2,0,0,1,0,3,3,6,1,0,14,0,2,1,1,0,0,2,2,0,0,2
115,0,0,2,1,3,5,4,0,13,2,0,0,0,0,0,0,0,0,0,2,1,2,4,1,1,0,0,2,3,2,1,2,2,0,29,0,1,0,1,2,2,2,0,2,2,1
116,0,1,1,3,4,0,2,3,17,0,0,0,0,0,0,0,0,0,1,1,3,1,0,0,6,0,1,0,2,0,4,5,0,1,-1,1,0,0,0,1,0,2,2,0,0,0
117,0,1,0,2,2,4,3,7,3,3,0,0,0,0,0,0,0,0,0,0,2,0,1,3,4,0,0,2,1,1,2,1,7,0,-1,1,0,0,2,1,0,0,2,0,0,1
118,0,0,0,2,2,4,3,7,2,2,0,0,0,0,0,0,0,0,0,0,2,0,1,3,4,0,0,2,1,1,5,3,6,0,27,2,0,0,1,1,0,2,1,1,0,2
119,0,0,0,2,2,1,5,4,2,2,0,0,0,0,0,0,0,0,0,0,2,0,3,5,4,0,0,2,3,1,5,3,6,0,23,0,1,0,1,2,1,1,2,1,0,0
120,0,0,0,2,1,1,5,4,2,2,0,0,0,0,0,0,0,0,0,0,2,0,3,5,1,0,0,2,3,2,1,2,6,0,-1,1,0,2,2,2,0,1,2,1,2,0
121,0,0,2,1,3,5,4,5,18,1,0,0,0,0,0,0,0,0,0,2,1,2,4,2,5,0,0,1,0,3,3,6,1,0,19,1,2,2,0,0,0,2,0,1,1,1
122,0,0,2,1,3,5,4,5,1,1,0,0,0,0,0,0,0,0,0,2,1,2,4,2,5,0,0,1,0,3,3,6,1,0,-1,0,1,2,1,1,0,1,2,2,1,1
123,0,0,2,1,3,5,0,6,1,1,0,0,0,0,0,0,0,0,0,2,1,4,4,1,2,0,0,1,0,3,3,6,1,0,15,1,1,2,0,1,2,0,2,0,0,2
124,0,0,2,1,3,5,4,0,13,2,0,0,0,0,0,0,0,0,0,2,1,2,4,1,1,0,0,2,3,2,1,2,2,0,29,1,2,0,1,0,1,2,0,2,0,2
125,0,0,0,2,2,4,3,7,2,2,0,0,0,0,0,0,0,0,0,0,2,0,1,3,4,0,0,2,1,1,5,3,3,0,27,0,1,1,0,2,0,0,2,0,2,0
126,0,0,2,1,3,5,4,5,1,1,0,0,0,0,0,0,0,0,0,2,1,2,4,1,2,0,0,1,0,3,3,6,1,0,16,1,0,0,1,1,2,1,2,0,2,2
127,0,1,1,3,4,0,2,3,0,0,0,0,0,0,0,0,0,0,1,1,3,1,0,0,6,0,1,0,2,0,4,5,0,1,-1,0,0,0,2,0,0,1,0,0,1,0
128,0,1,1,3,4,0,2,3,0,0,0,0,0,0,0,0,0,0,1,1,3,1,0,0,6,0,1,0,2,0,4,5,0,1,2,1,1,2,2,2,2,1,2,2,0,0
129,0,0,2,1,3,5,4,5,-1,1,0,0,0,0,0,0,0,0,0,2,1,2,4,2,5,0,0,1,0,3,3,6,1,0,18,2,1,1,0,0,1,2,1,0,1,1
130,0,1,0,0,2,4,3,7,19,2,0,0,0,0,0,0,0,0,1,0,2,0,1,3,4,0,0,2,1,1,5,3,3,1,-1,2,2,2,0,2,1,1,0,1,1,2
131,0,0,2,1,1,2,6,2,1,1,0,0,0,0,0,0,0,0,0,2,2,3,5,6,0,0,0,1,0,3,2,1,7,0,12,1,1,0,2,1,1,2,2,1,0,2
132,0,1,1,0,0,3,1,1,0,0,0,0,0,0,0,0,0,0,1,1,0,1,2,4,3,0,1,0,1,4,0,0,4,1,6,1,0,1,2,2,2,1,2,2,1,1
133,0,0,0,2,1,2,6,2,1,1,0,0,0,0,0,0,0,0,0,0,2,3,5,6,0,0,0,1,1,3,2,1,7,0,-1,1,0,0,1,2,1,2,2,2,0,1
134,0,1,1,0,0,3,1,1,0,0,0,0,0,0,0,0,0,0,1,1,0,1,2,4,6,0,1,0,2,4,0,0,0,1,-1,1,0,1,0,0,2,2,0,1,0,1
135,0,0,0,2,2,1,5,4,2,2,0,0,0,0,0,0,0,0,0,0,2,0,3,5,4,0,0,2,3,1,5,3,6,0,24,2,0,2,0,1,1,2,0,0,0,2
136,0,0,0,2,2,4,3,4,2,2,0,0,0,0,0,0,0,0,0,0,2,0,1,3,4,0,0,2,3,1,5,3,6,0,-1,2,0,1,1,1,0,0,0,1,0,0
137,0,1,1,0,0,3,1,1,7,0,0,0,0,0,0,0,0,0,1,1,0,3,2,4,3,0,1,0,1,4,0,0,4,1,-1,1,0,2,0,1,2,1,2,1,0,1
138,0,0,2,1,3,5,4,5,20,2,0,0,0,0,0,0,0,0,0,2,1,2,4,2,5,0,0,2,3,2,1,2,2,0,-1,1,2,0,2,0,2,2,2,0,0,0
139,0,1,1,0,0,3,1,1,0,0,0,0,0,0,0,0,0,0,1,1,0,1,2,4,3,0,1,0,1,4,0,0,4,1,-1,2,1,0,0,0,2,1,0,2,0,1
140,0,0,2,1,3,5,0,6,1,1,0,0,0,0,0,0,0,0,0,2,1,2,4,1,2,0,0,1,0,3,3,6,1,0,-1,0,1,0,2,0,1,1,0,0,0,1
141,0,1,1,3,4,0,2,3,0,0,0,0,0,0,0,0,0,0,1,1,3,1,0,0,6,0,1,0,2,0,4,5,0,1,-1,1,1,0,1,2,1,1,1,0,1,1
142,0,0,2,1,1,1,5,0,2,2,0,0,0,0,0,0,0,0,0,2,2,4,3,5,1,0,0,2,3,2,1,2,2,0,-1,1,2,1,2,1,0,0,1,2,2,2
143,0,0,2,1,3,5,0,6,1,1,0,0,0,0,0,0,0,0,0,2,1,4,4,1,2,0,0,1,0,3,3,1,1,0,15,1,0,2,0,2,1,0,0,0,1,1
144,0,0,2,1,1,2,0,6,1,1,0,0,0,0,0,0,0,0,0,2,1,4,5,1,2,0,0,1,0,3,2,1,7,0,-1,1,2,0,0,2,0,0,0,1,1,1
145,0,0,0,2,1,2,6,2,1,1,0,0,0,0,0,0,0,0,0,0,2,3,5,6,0,0,0,1,1,3,2,1,7,0,-1,2,1,2,1,0,0,1,1,0,0,0
146,0,1,1,3,4,0,2,3,0,0,0,0,0,0,0,0,0,0,1,1,3,1,0,0,6,0,1,0,2,0,0,5,0,1,-1,0,1,0,1,2,0,1,2,1,2,2
147,0,0,0,2,2,4,3,7,8,2,0,0,0,0,0,0,0,0,0,0,2,0,1,3,4,0,0,2,1,1,5,3,3,0,-1,0,2,2,2,1,2,2,0,0,2,1
148,0,0,2,1,3,5,4,0,-1,2,0,0,0,0,0,0,0,0,0,2,1,2,4,1,1,0,0,2,3,2,1,2,2,0,29,1,1,1,2,0,2,0,0,1,0,0
149,0,0,2,1,3,5,4,5,1,1,0,0,0,0,0,0,0,0,0,2,1,2,4,2,2,0,0,1,0,3,3,6,1,0,17,0,1,2,2,1,0,1,0,0,2,2
150,0,1,1,0,0,3,1,1,0,0,0,0,0,0,0,0,0,0,1,1,0,1,2,4,3,0,1,0,1,4,0,0,4,1,6,0,2,1,1,2,0,1,1,2,2,0
151,0,0,2,1,1,2,0,6,1,1,0,0,0,0,0,0,0,0,0,2,1,4,5,1,2,0,0,1,0,3,2,1,7,0,-1,1,1,2,2,2,0,2,1,1,0,2
152,0,0,0,2,1,1,5,4,2,2,0,0,0,0,0,0,0,0,0,0,2,0,3,5,1,0,0,2,3,2,1,2,6,0,22,2,1,0,1,1,2,2,2,1,2,2
153,0,1,0,2,2,4,3,7,8,2,0,0,0,0,0,0,0,0,0,0,2,0,1,3,4,0,0,2,1,1,5,3,3,1,-1,2,0,0,1,0,0,1,1,2,2,2
154,0,1,1,3,4,0,2,3,0,0,0,0,0,0,0,0,0,0,1,1,3,1,0,0,6,0,1,0,2,0,4,5,0,1,5,2,0,0,2,0,1,0,0,2,2,0
155,0,0,2,1,1,1,5,0,4,2,0,0,0,0,0,0,0,0,0,2,1,4,3,1,1,0,0,2,3,2,1,2,2,0,-1,2,0,1,0,1,2,0,1,2,0,2
156,0,0,0,2,2,4,3,4,2,2,0,0,0,0,0,0,0,0,0,0,2,0,1,3,4,0,0,2,3,1,5,3,6,0,-1,2,0,1,1,0,0,2,2,1,2,0
157,0,0,0,2,2,4,3,4,2,2,0,0,0,0,0,0,0,0,0,0,2,0,1,3,4,0,0,2,3,1,5,3,6,0,26,1,1,2,0,1,2,1,2,1,0,1
158,0,1,1,0,0,3,1,1,0,0,0,0,0,0,0,0,0,0,1,1,0,1,2,4,3,0,1,0,1,4,0,0,4,1,-1,0,1,2,0,1,2,0,2,2,0,1
159,0,1,1,3,4,0,2,3,0,0,0,0,0,0,0,0,0,0,1,1,3,1,0,0,6,0,1,0,2,0,4,5,0,1,-1,0,0,1,2,1,1,1,1,0,0,0
160,0,0,2,1,3,5,0,6,1,1,0,0,0,0,0,0,0,0,0,2,1,4,4,1,2,0,0,1,0,3,3,6,1,0,15,2,1,0,2,2,1,2,1,2,0,2
161,0,0,0,2,2,1,5,4,2,2,0,0,0,0,0,0,0,0,0,0,2,0,1,5,4,0,0,2,3,1,5,3,6,0,25,0,0,2,0,1,0,1,2,0,0,1
162,0,0,2,1,3,5,0,6,1,1,0,0,0,0,0,0,0,0,0,2,1,4,4,1,2,0,0,1,0,3,2,1,7,0,13,2,0,2,0,1,0,0,0,0,0,2
163,0,0,0,2,1,1,5,0,2,2,0,0,0,0,0,0,0,0,0,0,2,4,3,5,1,0,0,2,3,2,1,2,2,0,21,0,0,2,2,1,0,0,1,0,1,1
164,0,1,1,3,4,0,2,3,16,0,0,0,0,0,0,0,0,0,1,1,3,1,0,0,7,0,1,0,2,0,4,4,5,1,-1,0,2,1,0,0,2,2,1,1,2,2
165,0,1,1,3,4,0,2,3,0,0,0,0,0,0,0,0,0,0,1,1,3,1,0,0,6,0,1,0,2,0,4,5,0,1,5,2,0,0,0,0,0,0,1,0,1,0
166,0,0,0,2,2,4,3,4,2,2,0,0,0,0,0,0,0,0,0,0,2,0,1,3,4,0,0,2,3,1,5,3,6,0,26,2,2,0,0,0,0,1,0,1,0,1
167,0,0,0,2,2,2,6,2,9,1,0,0,0,0,0,0,0,0,0,0,2,3,5,6,0,0,0,1,1,3,2,1,7,0,-1,0,1,2,0,0,0,1,2,2,1,1
168,0,1,1,3,4,0,2,3,-1,0,0,0,0,0,0,0,0,0,1,1,3,1,0,0,7,0,1,0,2,0,4,4,5,1,-1,2,0,1,0,2,1,0,0,1,2,1
169,0,0,2,1,3,5,4,0,13,2,0,0,0,0,0,0,0,0,0,2,1,4,4,1,1,0,0,2,3,2,1,2,2,0,29,2,0,1,1,1,0,2,2,2,2,0
170,0,0,2,1,1,5,0,6,1,1,0,0,0,0,0,0,0,0,0,2,1,4,4,1,2,0,0,1,0,3,2,1,7,0,-1,2,0,0,2,2,1,1,1,0,2,1
171,0,1,1,3,4,0,2,3,0,0,0,0,0,0,0,0,0,0,1,1,3,1,0,0,6,0,1,0,2,0,4,5,0,1,3,1,0,0,1,1,0,2,0,2,1,1
172,0,0,2,1,3,5,4,5,1,1,0,0,0,0,0,0,0,0,0,2,1,2,4,2,2,0,0,1,0,3,3,6,1,0,-1,0,1,1,0,2,2,0,2,0,1,2
173,0,1,1,0,0,3,1,1,0,0,0,0,0,0,0,0,0,0,1,1,0,1,2,4,3,0,1,0,1,4,0,0,4,1,7,1,2,2,2,1,2,0,1,1,0,1
174,0,1,1,0,0,3,1,1,0,0,0,0,0,0,0,0,0,0,1,1,0,1,2,4,3,0,1,0,1,4,0,0,4,1,-1,0,1,2,0,1,1,1,2,1,1,0
175,0,0,0,2,2,4,3,4,2,2,0,0,0,0,0,0,0,0,0,0,2,0,1,3,4,0,0,2,1,1,5,3,6,0,27,1,2,1,0,2,0,2,2,0,0,2
176,0,1,0,2,2,4,3,7,-1,2,0,0,0,0,0,0,0,0,0,0,2,0,1,3,4,0,0,2,1,1,5,3,3,1,-1,2,2,2,2,0,1,2,2,0,0,2
177,0,0,0,2,1,1,5,4,2,2,0,0,0,0,0,0,0,0,0,0,2,4,3,5,1,0,0,2,3,2,1,2,2,0,-1,0,0,1,1,0,0,0,1,1,2,2
178,0,1,1,0,0,3,1,1,0,0,0,0,0,0,0,0,0,0,1,1,0,1,2,4,6,0,1,0,1,4,0,0,4,1,-1,2,1,0,1,2,2,1,1,2,0,1
179,0,0,2,1,3,5,0,6,1,1,0,0,0,0,0,0,0,0,0,2,1,4,4,1,2,0,0,1,0,3,3,6,1,0,14,1,0,1,1,2,1,1,1,1,2,2
180,0,0,0,2,2,4,3,4,2,2,0,0,0,0,0,0,0,0,0,0,2,0,1,3,4,0,0,2,1,1,5,3,6,0,-1,0,2,0,0,2,0,0,2,2,1,2
181,0,0,2,1,3,5,4,0,13,2,0,0,0,0,0,0,0,0,0,2,1,4,4,1,1,0,0,2,3,2,1,2,2,0,29,0,1,2,1,0,2,0,0,2,0,0
182,0,1,1,0,0,3,1,1,0,0,0,0,0,0,0,0,0,0,1,1,0,1,2,4,3,0,1,0,1,4,0,0,4,1,-1,1,0,1,2,0,1,1,2,2,0,2
183,0,0,2,1,3,5,4,5,1,1,0,0,0,0,0,0,0,0,0,2,1,2,4,2,2,0,0,1,0,3,3,6,1,0,17,0,1,0,1,1,0,1,1,2,1,2
184,0,0,0,2,1,2,6,2,1,1,0,0,0,0,0,0,0,0,0,0,2,3,5,6,0,0,0,1,1,3,2,1,7,0,11,1,1,1,0,1,1,0,1,2,0,2
185,0,0,2,1,3,5,4,5,1,1,0,0,0,0,0,0,0,0,0,2,1,2,4,1,2,0,0,1,0,3,3,6,1,0,16,1,1,1,2,1,0,2,0,1,2,1
186,0,0,0,2,1,2,6,2,21,1,0,0,0,0,0,0,0,0,0,0,2,3,5,6,0,0,0,1,1,3,2,1,7,0,-1,0,1,0,2,2,0,0,0,0,0,1
187,0,0,2,1,1,2,0,6,1,1,0,0,0,0,0,0,0,0,0,2,1,4,5,1,2,0,0,1,0,3,2,1,7,0,13,1,1,1,1,1,0,1,2,2,0,0
188,0,1,1,3,4,0,2,3,0,0,0,0,0,0,0,0,0,0,1,1,3,1,0,0,6,0,1,0,2,0,4,5,0,1,-1,1,1,1,0,1,0,2,0,0,1,2
189,0,0,2,1,1,1,5,0,2,2,0,0,0,0,0,0,0,0,0,2,1,4,3,5,1,0,0,2,3,2,1,2,2,0,20,1,2,1,2,0,1,2,1,0,1,0
190,0,0,2,1,1,2,6,6,1,1,0,0,0,0,0,0,0,0,0,2,2,4,5,6,0,0,0,1,0,3,2,1,7,0,-1,0,0,2,1,1,2,0,2,2,2,1
191,0,0,0,2,1,1,5,4,2,2,0,0,0,0,0,0,0,0,0,0,2,0,3,5,4,0,0,2,3,1,5,3,6,0,-1,2,2,0,1,0,1,2,1,2,2,0
192,0,0,0,2,1,1,5,4,2,2,0,0,0,0,0,0,0,0,0,0,2,0,3,5,1,0,0,2,3,2,1,2,6,0,22,2,2,2,0,2,2,0,2,2,1,0
193,0,0,2,1,3,5,4,5,1,1,0,0,0,0,0,0,0,0,0,2,1,2,4,2,5,0,0,1,0,3,3,6,1,0,17,2,0,2,2,1,2,0,1,0,1,2
194,0,0,2,1,3,5,4,0,20,2,0,0,0,0,0,0,0,0,0,2,1,2,4,2,5,0,0,2,3,2,1,2,2,0,-1,0,2,0,1,0,1,2,1,1,0,2
195,0,0,2,1,1,2,6,6,1,1,0,0,0,0,0,0,0,0,0,2,2,4,5,6,0,0,0,1,0,3,2,1,7,0,12,2,2,0,1,1,0,2,2,0,1,0
196,0,0,0,2,1,1,5,4,2,2,0,0,0,0,0,0,0,0,0,0,2,0,3,5,1,0,0,2,3,2,1,2,6,0,-1,1,1,1,2,1,1,2,0,1,1,0
197,0,0,2,1,3,5,4,0,13,2,0,0,0,0,0,0,0,0,0,2,1,4,4,1,1,0,0,2,3,2,1,2,2,0,-1,2,0,0,2,0,0,0,1,0,1,1
198,0,0,2,1,1,2,6,6,1,1,0,0,0,0,0,0,0,0,0,2,1,4,5,6,0,0,0,1,0,3,2,1,7,0,12,0,2,0,1,2,2,1,2,1,0,2
199,0,0,0,2,1,2,6,2,1,1,0,0,0,0,0,0,0,0,0,0,2,3,5,6,0,0,0,1,1,3,2,1,7,0,-1,2,2,0,1,2,0,1,2,2,2,0
200,0,0,0,2,2,4,3,7,8,2,0,0,0,0,0,0,0,0,0,0,2,0,1,3,4,0,0,2,1,1,5,3,3,0,-1,0,2,2,0,1,1,0,1,0,2,1
201,0,0,2,1,3,1,5,0,22,2,0,0,0,0,0,0,0,0,0,2,1,4,3,1,1,0,0,2,3,2,1,2,2,0,-1,2,1,1,2,1,2,1,1,1,1,0
202,0,0,2,1,3,5,4,5,20,2,0,0,0,0,0,0,0,0,0,2,1,2,4,2,5,0,0,2,3,2,1,2,2,0,-1,1,2,1,0,1,1,0,2,0,1,2
203,0,0,0,2,2,4,3,7,2,2,0,0,0,0,0,0,0,0,0,0,2,0,1,3,4,0,0,2,1,1,5,3,6,0,27,1,0,0,0,1,0,0,1,1,2,2
204,0,0,0,0,0,3,6,2,23,0,0,0,0,0,0,0,0,0,1,0,0,3,5,6,0,0,0,0,1,4,0,0,4,0,-1,0,1,2,0,2,0,2,1,0,1,2
205,0,0,0,2,2,4,3,7,8,2,0,0,0,0,0,0,0,0,0,0,2,0,1,3,4,0,0,2,1,1,5,3,3,0,-1,1,1,0,1,0,1,0,2,0,2,1
206,0,0,0,2,1,1,5,0,2,2,0,0,0,0,0,0,0,0,0,0,2,4,3,5,1,0,0,2,3,2,1,2,2,0,-1,2,0,2,1,1,0,0,0,1,2,1
207,0,1,1,0,0,3,1,1,0,0,0,0,0,0,0,0,0,0,1,1,0,1,2,4,3,0,1,0,1,4,0,0,4,1,8,0,1,2,0,2,2,1,2,0,0,1
208,0,0,2,1,1,2,0,6,24,1,0,0,0,0,0,0,0,0,0,2,1,4,5,1,2,0,0,1,0,3,2,1,7,0,-1,0,1,0,2,2,0,1,2,2,1,1
209,0,0,2,1,3,5,0,6,1,1,0,0,0,0,0,0,0,0,0,2,1,4,4,1,2,0,0,1,0,3,3,6,1,0,-1,2,1,0,1,2,2,0,2,2,1,0
210,0,0,0,2,2,4,3,4,2,2,0,0,0,0,0,0,0,0,0,0,2,0,1,3,4,0,0,2,3,1,5,3,6,0,-1,2,1,1,1,0,2,0,2,1,0,0
211,0,0,2,1,1,2,6,6,1,1,0,0,0,0,0,0,0,0,0,2,2,4,5,6,0,0,0,1,0,3,2,1,7,0,-1,1,1,0,1,0,1,0,2,0,1,0
212,0,0,2,1,1,5,0,6,1,1,0,0,0,0,0,0,0,0,0,2,1,4,4,1,2,0,0,1,0,3,2,1,7,0,13,1,0,1,1,1,2,2,1,0,0,2
213,0,1,1,3,4,0,2,3,0,0,0,0,0,0,0,0,0,0,1,1,3,1,0,0,7,0,1,0,2,0,4,4,5,1,0,2,2,1,1,0,0,0,2,2,2,0
214,0,1,1,3,4,0,2,3,0,0,0,0,0,0,0,0,0,0,1,1,3,1,0,0,6,0,1,0,2,0,4,5,0,1,5,0,1,1,1,0,1,1,0,1,2,1
215,0,0,0,2,1,1,5,0,2,2,0,0,0,0,0,0,0,0,0,0,2,4,3,5,1,0,0,2,3,2,1,2,2,0,21,0,1,0,1,2,0,2,2,1,2,2
216,0,0,0,2,2,4,3,4,2,2,0,0,0,0,0,0,0,0,0,0,2,0,1,3,4,0,0,2,3,1,5,3,6,0,-1,1,1,0,1,0,0,0,2,0,0,1
217,0,1,0,2,2,4,3,7,8,2,0,0,0,0,0,0,0,0,0,0,2,0,1,3,4,0,0,2,1,1,5,3,3,0,28,1,1,1,2,2,1,0,2,0,0,1
218,0,0,0,2,1,1,5,0,2,2,0,0,0,0,0,0,0,0,0,0,2,4,3,5,1,0,0,2,3,2,1,2,2,0,-1,2,1,1,1,1,1,0,0,2,1,2
219,0,0,2,1,1,2,0,6,24,1,0,0,0,0,0,0,0,0,0,2,1,4,5,6,2,0,0,1,0,3,2,1,7,0,-1,1,2,2,1,0,2,0,0,0,1,0
220,0,0,2,1,3,5,4,5,1,1,0,0,0,0,0,0,0,0,0,2,1,2,4,2,2,0,0,1,0,3,3,6,1,0,17,1,1,2,1,1,0,2,0,2,1,1
221,0,0,2,1,3,5,0,6,1,1,0,0,0,0,0,0,0,0,0,2,1,4,4,1,2,0,0,1,0,3,3,6,1,0,14,0,2,0,1,1,2,2,1,2,2,0
222,0,0,0,2,2,4,3,4,2,2,0,0,0,0,0,0,0,0,0,0,2,0,1,3,4,0,0,2,3,1,5,3,6,0,-1,0,0,2,1,0,0,1,1,0,0,0
223,0,1,1,0,0,3,1,1,0,0,0,0,0,0,0,0,0,0,1,1,0,1,2,4,3,0,1,0,1,4,0,0,4,1,7,0,2,0,0,2,2,2,0,1,2,0
224,0,0,2,1,1,2,6,2,1,1,0,0,0,0,0,0,0,0,0,2,2,3,5,6,0,0,0,1,0,3,2,1,7,0,-1,2,1,0,1,2,2,0,1,1,0,0
225,0,0,2,1,3,5,4,5,1,1,0,0,0,0,0,0,0,0,0,2,1,2,4,1,2,0,0,1,0,3,3,6,1,0,-1,2,2,1,1,1,0,0,1,0,0,1
226,0,0,2,1,1,1,5,0,2,2,0,0,0,0,0,0,0,0,0,2,1,4,3,5,1,0,0,2,3,2,1,2,2,0,20,0,0,1,0,0,0,1,0,0,0,2
227,0,0,0,2,2,4,6,2,-1,-1,0,0,0,0,0,0,0,0,0,0,2,3,5,6,0,0,0,1,1,3,2,1,7,0,-1,1,0,1,1,1,1,0,0,0,0,1
228,0,1,1,3,4,0,2,3,0,0,0,0,0,0,0,0,0,0,1,1,3,1,0,0,7,0,1,0,2,0,4,4,5,1,-1,1,1,0,0,1,0,0,0,2,0,2
229,0,0,2,1,1,5,0,6,1,1,0,0,0,0,0,0,0,0,0,2,1,4,4,1,2,0,0,1,0,3,2,1,7,0,13,1,0,0,2,2,2,0,0,1,2,1
230,0,1,1,0,0,3,1,1,0,0,0,0,0,0,0,0,0,0,1,1,0,1,2,4,3,0,1,0,1,4,0,0,4,1,7,0,1,1,1,2,2,2,1,1,1,1
231,0,0,2,1,1,1,5,0,2,2,0,0,0,0,0,0,0,0,0,2,1,4,3,5,1,0,0,2,3,2,1,2,2,0,-1,1,2,0,2,2,0,0,1,1,0,1
232,0,0,0,2,1,1,5,0,2,2,0,0,0,0,0,0,0,0,0,0,2,4,3,5,1,0,0,2,3,2,1,2,2,0,21,1,1,0,0,0,1,0,0,2,2,1
233,0,0,0,2,2,1,5,4,2,2,0,0,0,0,0,0,0,0,0,0,2,0,3,5,4,0,0,2,3,1,5,3,6,0,24,0,0,1,1,1,0,2,1,0,1,0
234,0,0,0,2,2,4,3,7,2,2,0,0,0,0,0,0,0,0,0,0,2,0,1,3,4,0,0,2,1,1,5,3,3,0,-1,2,0,1,0,0,0,2,2,2,2,2
235,0,1,1,3,4,0,2,3,0,0,0,0,0,0,0,0,0,0,1,1,3,1,0,0,7,0,1,0,2,0,4,4,5,1,0,2,2,2,2,0,1,2,0,1,1,0
236,0,1,1,0,0,3,1,1,0,0,0,0,0,0,0,0,0,0,1,1,0,1,2,4,3,0,1,0,1,4,0,0,4,1,8,1,1,0,1,2,1,2,0,2,2,2
237,0,0,0,2,2,4,3,4,2,2,0,0,0,0,0,0,0,0,0,0,2,0,1,3,4,0,0,2,3,1,5,3,6,0,26,0,0,0,0,2,1,2,2,2,2,0
238,0,0,0,2,1,1,5,4,2,2,0,0,0,0,0,0,0,0,0,0,2,0,3,5,1,0,0,2,3,2,1,2,6,0,-1,1,1,2,2,0,0,1,2,0,1,2
239,0,0,2,1,1,2,6,2,1,1,0,0,0,0,0,0,0,0,0,2,2,3,5,6,0,0,0,1,0,3,2,1,7,0,-1,2,0,2,2,0,0,2,1,2,1,2
240,0,0,0,2,2,2,6,2,9,1,0,0,0,0,0,0,0,0,0,0,2,3,5,6,0,0,0,1,1,3,2,1,7,0,-1,1,2,1,2,0,0,1,2,2,0,0
241,0,1,1,0,0,3,1,1,12,0,0,0,0,0,0,0,0,0,1,1,0,3,2,4,3,0,1,0,1,4,0,0,4,1,10,1,2,1,0,1,1,0,2,0,2,0
242,0,0,0,2,1,2,6,2,1,1,0,0,0,0,0,0,0,0,0,0,2,3,5,6,0,0,0,1,1,3,2,1,7,0,11,2,2,2,1,2,1,1,0,1,0,1
243,0,0,0,2,2,4,3,7,2,2,0,0,0,0,0,0,0,0,0,0,2,0,1,3,4,0,0,2,1,1,5,3,3,0,27,2,2,2,2,2,2,2,2,0,0,1
244,0,1,1,3,4,0,2,3,0,0,0,0,0,0,0,0,0,0,1,1,3,1,0,0,6,0,1,0,2,0,4,5,0,1,3,1,2,2,1,1,2,0,2,2,0,0
245,0,0,0,2,2,4,3,4,2,2,0,0,0,0,0,0,0,0,0,0,2,0,1,3,4,0,0,2,3,1,5,3,6,0,26,1,0,1,1,2,2,0,1,1,2,0
246,0,1,1,0,0,3,1,1,0,0,0,0,0,0,0,0,0,0,1,1,0,1,2,4,3,0,1,0,1,4,0,0,4,1,8,2,2,2,0,1,2,0,1,2,2,0
247,0,1,1,3,4,0,2,3,0,0,0,0,0,0,0,0,0,0,1,1,3,1,0,0,6,0,1,0,2,4,0,5,0,1,4,2,2,0,1,2,1,2,0,0,2,0
248,0,1,1,3,4,0,2,3,0,0,0,0,0,0,0,0,0,0,1,1,3,1,0,0,6,0,1,0,2,0,4,5,0,1,3,1,1,0,2,2,1,2,2,0,2,1
249,0,0,2,1,3,5,4,5,1,1,0,0,0,0,0,0,0,0,0,2,1,2,4,2,2,0,0,1,0,3,3,6,1,0,17,1,2,2,1,2,2,2,1,1,0,1
250,0,0,2,1,3,5,4,5,1,1,0,0,0,0,0,0,0,0,0,2,1,2,4,1,2,0,0,1,0,3,3,6,1,0,16,2,0,2,0,2,1,1,2,0,1,1
251,0,0,0,2,2,4,3,7,8,2,0,0,0,0,0,0,0,0,0,0,2,0,1,3,4,0,0,2,1,1,5,3,3,0,28,2,1,0,2,1,2,1,0,2,1,0
252,0,0,2,1,3,5,4,5,25,1,0,0,0,0,0,0,0,0,0,2,1,2,4,2,5,0,0,1,0,3,3,6,1,0,-1,0,2,0,0,2,1,1,0,2,0,2
253,0,1,1,3,4,0,2,3,0,0,0,0,0,0,0,0,0,0,1,1,3,1,0,0,6,0,1,0,2,4,0,5,0,1,4,1,0,1,2,1,1,1,1,1,0,1
254,0,0,2,1,1,1,5,0,2,2,0,0,0,0,0,0,0,0,0,2,1,4,3,5,1,0,0,2,3,2,1,2,2,0,20,1,1,1,0,1,0,2,1,0,1,2
255,0,0,2,1,1,1,5,0,2,2,0,0,0,0,0,0,0,0,0,2,1,4,3,1,1,0,0,2,3,2,1,2,2,0,-1,1,2,1,1,0,0,2,1,1,2,0
256,0,0,0,2,1,2,6,2,21,1,0,0,0,0,0,0,0,0,0,0,2,3,5,6,0,0,0,1,1,3,2,1,7,0,-1,1,1,0,0,2,2,1,0,0,1,2
257,0,1,1,0,0,3,1,1,12,0,0,0,0,0,0,0,0,0,1,1,0,3,2,4,3,0,1,0,1,4,0,0,4,1,10,2,1,2,1,0,2,2,1,1,0,1
258,0,0,0,2,2,4,3,7,8,2,0,0,0,0,0,0,0,0,0,0,2,0,1,3,4,0,0,2,1,1,5,3,3,0,28,0,0,0,2,2,0,2,1,2,2,1
259,0,0,0,2,2,4,3,7,-1,2,0,0,0,0,0,0,0,0,0,0,2,0,1,3,4,0,0,2,1,1,5,3,6,0,-1,0,1,0,2,1,0,1,2,0,1,1
260,0,0,2,1,3,5,0,6,1,1,0,0,0,0,0,0,0,0,0,2,1,4,4,1,2,0,0,1,0,3,2,1,7,0,15,1,1,2,2,2,0,1,1,0,0,2
261,0,1,1,0,0,3,1,1,0,0,0,0,0,0,0,0,0,0,1,1,0,1,2,4,3,0,1,0,1,4,0,0,4,1,6,1,1,0,0,2,2,1,2,2,2,1
262,0,0,0,2,2,4,3,4,2,2,0,0,0,0,0,0,0,0,0,0,2,0,1,3,4,0,0,2,3,1,5,3,6,0,25,2,2,0,0,0,2,1,0,1,0,1
263,0,1,1,3,4,0,2,3,0,0,0,0,0,0,0,0,0,0,1,1,3,1,0,0,6,0,1,0,2,0,4,5,0,1,2,0,0,0,2,0,2,0,1,1,0,2
264,0,0,2,1,3,5,4,5,10,1,0,0,0,0,0,0,0,0,0,2,1,2,4,2,5,0,0,1,0,3,3,6,1,0,-1,1,2,1,0,1,2,0,0,0,0,2
265,0,1,1,3,4,0,2,3,0,0,0,0,0,0,0,0,0,0,1,1,3,1,0,0,6,0,1,0,2,0,4,5,0,1,-1,2,1,2,1,1,0,0,2,0,0,0
266,0,1,1,3,4,0,2,3,0,0,0,0,0,0,0,0,0,0,1,1,3,1,0,0,6,0,1,0,2,0,4,5,0,1,2,2,2,2,1,0,2,0,2,2,1,2
267,0,1,1,3,4,0,2,3,0,0,0,0,0,0,0,0,0,0,1,1,3,1,0,0,6,0,1,0,2,0,4,5,0,1,5,1,1,1,0,0,2,2,2,0,0,2
268,0,0,0,2,2,4,3,4,2,2,0,0,0,0,0,0,0,0,0,0,2,0,1,3,4,0,0,2,3,1,5,3,6,0,26,1,1,0,2,1,0,0,2,1,2,0
269,0,1,1,0,0,3,1,1,0,0,0,0,0,0,0,0,0,0,1,1,0,1,2,4,3,0,1,0,1,4,0,0,4,1,-1,0,0,2,0,1,1,0,1,1,1,0
270,0,0,0,2,2,4,3,7,8,2,0,0,0,0,0,0,0,0,0,0,2,0,1,3,4,0,0,2,1,1,5,3,3,0,28,1,0,0,2,0,1,2,0,2,1,2
271,0,1,1,0,0,3,1,1,0,0,0,0,0,0,0,0,0,0,1,1,0,1,2,4,3,0,1,0,1,4,0,0,4,1,-1,2,0,2,1,2,1,1,2,0,1,2
272,0,0,2,1,3,5,0,6,1,1,0,0,0,0,0,0,0,0,0,2,1,4,4,1,2,0,0,1,0,3,3,6,1,0,-1,2,1,2,0,0,0,0,2,1,2,0
273,0,0,2,1,3,5,0,6,1,1,0,0,0,0,0,0,0,0,0,2,1,4,4,1,2,0,0,1,0,3,3,6,1,0,-1,1,0,0,2,2,0,1,2,0,1,1
274,0,0,0,2,1,2,6,2,1,1,0,0,0,0,0,0,0,0,0,0,2,3,5,6,0,0,0,1,1,3,2,1,7,0,-1,1,1,1,1,2,2,2,1,2,2,1
275,0,0,0,2,2,4,3,4,2,2,0,0,0,0,0,0,0,0,0,0,2,0,1,3,4,0,0,2,3,1,5,3,6,0,-1,2,2,1,0,2,0,1,0,0,2,1
276,0,0,2,1,3,5,4,5,10,1,0,0,0,0,0,0,0,0,0,2,1,2,4,2,5,0,0,1,0,3,3,6,1,0,-1,0,0,0,0,0,1,0,0,1,0,1
277,0,0,2,1,1,5,0,6,1,1,0,0,0,0,0,0,0,0,0,2,1,4,4,1,2,0,0,1,0,3,2,1,7,0,-1,0,0,1,1,2,0,1,0,2,2,1
278,0,0,0,2,2,4,3,4,2,2,0,0,0,0,0,0,0,0,0,0,2,0,1,3,4,0,0,2,3,1,5,3,6,0,26,0,2,0,1,2,2,0,0,2,1,1
279,0,0,0,2,2,2,6,2,21,1,0,0,0,0,0,0,0,0,0,0,2,3,5,6,0,0,0,1,1,3,2,1,7,0,-1,1,0,1,0,0,2,1,1,1,0,2
280,0,0,2,1,1,2,6,2,1,1,0,0,0,0,0,0,0,0,0,2,2,3,5,6,0,0,0,1,0,3,2,1,7,0,-1,1,1,2,2,1,2,0,2,1,0,0
281,0,0,2,1,1,2,6,2,1,1,0,0,0,0,0,0,0,0,0,2,2,3,5,6,0,0,0,1,0,3,2,1,7,0,-1,0,2,1,1,2,0,0,1,0,2,2
282,0,0,2,1,3,5,4,5,-1,-1,-1,-1,-1,0,0,0,0,0,0,2,1,2,4,2,5,0,0,1,0,2,3,6,1,0,-1,1,0,2,1,0,2,0,0,0,1,1
283,0,1,1,0,0,3,1,1,0,0,0,0,0,0,0,0,0,0,1,1,0,1,2,4,3,0,1,0,1,4,0,0,4,1,8,1,0,1,0,0,2,1,1,1,2,1
284,0,0,2,1,1,2,0,6,1,1,0,0,0,0,0,0,0,0,0,2,1,4,5,6,0,0,0,1,0,3,2,1,7,0,-1,1,2,2,0,2,2,2,1,0,0,1
285,0,1,1,0,0,3,1,1,0,0,0,0,0,0,0,0,0,0,1,1,0,1,2,4,6,0,1,0,2,4,0,5,0,1,-1,2,1,1,2,2,0,2,0,2,2,1
286,0,0,2,1,1,2,6,2,1,1,0,0,0,0,0,0,0,0,0,2,2,3,5,6,0,0,0,1,0,3,2,1,7,0,12,1,1,1,1,2,1,2,0,0,2,0
287,0,1,0,2,2,4,3,7,8,2,0,0,0,0,0,0,0,0,0,0,2,0,1,3,4,0,0,2,1,1,5,3,3,0,-1,1,0,2,1,0,2,0,1,2,0,2
288,0,0,0,2,1,1,5,4,2,2,0,0,0,0,0,0,0,0,0,0,2,0,3,5,1,0,0,2,3,2,1,2,6,0,22,1,0,2,2,2,1,1,0,1,2,1
289,0,0,2,1,1,2,6,2,1,1,0,0,0,0,0,0,0,0,0,2,2,3,5,6,0,0,0,1,0,3,2,1,7,0,12,0,0,1,2,1,0,2,0,2,1,0
290,0,0,2,1,1,2,6,2,1,1,0,0,0,0,0,0,0,0,0,2,2,3,5,6,0,0,0,1,0,3,2,1,7,0,-1,0,1,2,2,1,1,1,2,2,2,2
291,0,0,0,2,2,4,3,4,2,2,0,0,0,0,0,0,0,0,0,0,2,0,1,3,4,0,0,2,3,1,5,3,6,0,-1,2,2,1,0,0,1,1,1,1,1,1
292,0,1,1,0,0,3,1,1,0,0,0,0,0,0,0,0,0,0,1,1,0,1,2,4,3,0,1,0,1,4,0,0,4,1,-1,1,1,0,0,2,1,2,1,0,1,0
293,0,1,1,3,0,3,1,1,0,0,0,0,0,0,0,0,0,0,1,1,3,1,2,4,6,0,1,0,2,4,0,5,0,1,4,1,2,0,0,0,2,1,2,2,1,2
294,0,0,0,2,2,4,3,7,8,2,0,0,0,0,0,0,0,0,0,0,2,0,1,3,4,0,0,2,1,1,5,3,3,0,-1,1,2,1,1,1,2,1,2,2,2,2
295,0,0,0,2,1,1,5,4,2,2,0,0,0,0,0,0,0,0,0,0,2,0,3,5,1,0,0,2,3,2,1,2,6,0,-1,1,0,1,1,1,1,0,2,2,0,0
296,0,0,0,2,1,2,6,2,21,1,0,0,0,0,0,0,0,0,0,0,2,3,5,6,0,0,0,1,1,3,2,1,7,0,-1,1,2,2,1,1,2,1,1,2,2,1
297,0,1,1,0,0,3,1,1,0,0,0,0,0,0,0,0,0,0,1,1,0,1,2,4,3,0,1,0,1,4,0,0,4,1,-1,1,0,2,2,2,2,2,2,2,2,2
298,0,0,0,2,1,1,5,4,2,2,0,0,0,0,0,0,0,0,0,0,2,0,3,5,1,0,0,2,3,2,1,2,6,0,-1,2,1,0,1,2,1,0,1,1,2,2
299,0,0,0,2,1,1,5,4,2,2,0,0,0,0,0,0,0,0,0,0,2,0,3,5,1,0,0,2,3,2,1,2,6,0,22,2,2,0,0,1,1,2,0,1,0,0
300,0,0,2,1,3,5,4,5,20,2,0,0,0,0,0,0,0,0,0,2,1,2,4,2,5,0,0,2,3,2,1,2,2,0,-1,2,2,1,1,1,0,0,1,1,2,1
301,0,0,2,1,3,5,4,5,1,1,0,0,0,0,0,0,0,0,0,2,1,2,4,1,2,0,0,1,0,3,3,6,1,0,16,2,0,1,0,2,1,1,0,1,0,0
302,0,0,0,2,1,1,5,4,2,2,0,0,0,0,0,0,0,0,0,0,2,0,3,5,4,0,0,2,3,1,5,3,6,0,23,1,2,2,2,1,1,0,0,2,1,1
303,0,1,1,0,0,3,1,1,0,0,0,0,0,0,0,0,0,0,1,1,0,1,2,4,3,0,1,0,1,4,0,0,4,1,-1,2,0,0,1,0,1,2,1,0,2,0
304,0,0,0,2,2,4,3,4,2,2,0,0,0,0,0,0,0,0,0,0,2,0,1,3,4,0,0,2,3,1,5,3,6,0,26,2,2,2,1,1,1,1,0,2,0,1
305,0,1,1,0,0,3,1,1,0,0,0,0,0,0,0,0,0,0,1,1,0,1,2,4,3,0,1,0,1,4,0,0,4,1,9,2,2,0,0,0,1,0,1,1,1,0
306,0,0,0,2,1,2,6,2,1,1,0,0,0,0,0,0,0,0,0,0,2,3,5,6,0,0,0,1,1,3,2,1,7,0,11,2,0,2,1,0,1,0,0,0,2,2
307,0,1,1,0,0,3,1,1,0,0,0,0,0,0,0,0,0,0,1,1,0,1,2,4,3,0,1,0,1,4,0,0,4,1,9,0,1,2,0,2,0,1,0,2,1,1
308,0,1,1,3,4,0,2,3,0,0,0,0,0,0,0,0,0,0,1,1,3,1,0,0,7,0,1,0,2,0,4,4,5,1,0,1,1,0,0,1,1,0,1,1,1,1
309,0,0,0,2,2,4,3,4,2,2,0,0,0,0,0,0,0,0,0,0,2,0,1,3,4,0,0,2,3,1,5,3,6,0,-1,2,0,0,2,1,0,1,1,1,1,2
310,0,0,2,1,3,5,4,5,-1,1,0,0,0,0,0,0,0,0,0,2,1,2,4,2,5,0,0,1,0,3,3,6,1,0,19,1,0,1,1,2,2,2,1,2,2,1
311,0,0,2,1,1,2,0,6,1,1,0,0,0,0,0,0,0,0,0,2,1,4,5,1,2,0,0,1,0,3,2,1,7,0,-1,2,0,1,0,0,1,1,2,1,1,0
312,0,1,1,0,2,4,3,7,11,2,0,0,0,0,0,0,0,0,1,0,0,0,1,3,4,0,0,2,1,1,5,3,3,1,-1,2,2,0,1,1,0,0,2,1,0,1
313,0,0,2,1,3,5,0,6,1,1,0,0,0,0,0,0,0,0,0,2,1,4,4,1,2,0,0,1,0,3,3,6,1,0,-1,2,1,1,0,1,2,2,0,1,2,0
314,0,0,0,2,2,4,3,4,2,2,0,0,0,0,0,0,0,0,0,0,2,0,1,3,4,0,0,2,3,1,5,3,6,0,25,1,1,1,1,1,1,2,1,1,2,1
315,0,0,2,1,3,5,4,0,13,2,0,0,0,0,0,0,0,0,0,2,1,2,4,1,1,0,0,2,3,2,1,2,2,0,29,1,0,1,1,2,2,1,1,1,1,0
316,0,1,1,0,0,3,1,1,0,0,0,0,0,0,0,0,0,0,1,1,0,1,2,4,3,0,1,0,1,4,0,0,4,1,-1,1,0,2,1,0,1,1,1,2,2,1
317,0,0,0,2,2,4,3,7,2,2,0,0,0,0,0,0,0,0,0,0,2,0,1,3,4,0,0,2,1,1,5,3,6,0,27,2,0,2,0,1,1,0,1,0,0,1
318,0,1,1,3,4,0,2,3,0,0,0,0,0,0,0,0,0,0,1,1,3,1,0,0,6,0,1,0,2,0,4,5,0,1,5,0,0,2,2,1,0,2,0,0,0,2
319,0,0,0,2,1,2,6,2,1,1,0,0,0,0,0,0,0,0,0,0,2,3,5,6,0,0,0,1,1,3,2,1,7,0,-1,1,2,0,0,0,1,1,1,0,0,2
320,0,0,2,1,3,5,4,0,13,2,0,0,0,0,0,0,0,0,0,2,1,4,4,1,1,0,0,2,3,2,1,2,2,0,29,1,2,0,2,2,1,0,2,0,2,0
321,0,1,1,3,4,0,2,3,0,0,0,0,0,0,0,0,0,0,1,1,3,1,0,0,6,0,1,0,2,0,4,5,0,1,-1,0,1,0,2,2,0,2,2,2,2,1
322,0,1,1,0,0,3,1,1,0,0,0,0,0,0,0,0,0,0,1,1,0,1,2,4,3,0,1,0,1,4,0,0,4,1,7,2,2,2,0,2,1,2,2,1,2,1
323,0,1,0,2,2,4,3,7,-1,2,0,0,0,0,0,0,0,0,0,0,2,0,1,3,4,0,0,2,1,1,5,3,3,1,-1,1,2,0,2,2,0,1,2,0,0,1
324,0,0,2,1,3,5,4,5,5,1,0,0,0,0,0,0,0,0,0,2,1,2,4,2,5,0,0,1,0,3,3,6,1,0,18,0,0,0,2,2,0,0,0,0,2,2
325,0,0,0,2,2,4,3,7,8,2,0,0,0,0,0,0,0,0,0,0,2,0,1,3,4,0,0,2,1,1,5,3,3,0,-1,2,0,0,2,0,1,1,2,2,1,2
326,0,0,2,1,1,2,0,6,24,1,0,0,0,0,0,0,0,0,0,2,1,4,5,6,2,0,0,1,0,3,2,1,7,0,-1,2,1,1,0,2,2,2,2,2,0,2
327,0,1,1,0,0,3,1,1,0,0,0,0,0,0,0,0,0,0,1,1,0,1,2,4,3,0,1,0,1,4,0,0,4,1,-1,0,2,0,1,2,2,2,1,0,1,2
328,0,1,0,0,2,4,3,7,19,2,0,0,0,0,0,0,0,0,1,0,2,0,1,3,4,0,0,2,1,1,5,3,3,1,-1,2,1,0,1,0,1,1,0,0,0,2
329,0,1,1,0,0,3,1,1,0,0,0,0,0,0,0,0,0,0,1,1,0,1,2,4,3,0,1,0,1,4,0,0,4,1,-1,2,0,1,2,1,2,2,1,1,1,2
330,0,0,0,2,1,1,5,4,2,2,0,0,0,0,0,0,0,0,0,0,2,0,3,5,1,0,0,2,3,2,1,2,6,0,22,0,1,0,1,1,0,2,2,0,1,1
331,0,1,1,0,0,3,1,1,0,0,0,0,0,0,0,0,0,0,1,1,0,1,2,4,3,0,1,0,1,4,0,0,4,1,6,1,0,1,1,1,0,0,2,0,1,2
332,0,0,0,2,1,2,6,2,1,1,0,0,0,0,0,0,0,0,0,0,2,3,5,6,0,0,0,1,1,3,2,1,7,0,-1,1,1,0,2,1,0,0,1,1,2,2
333,0,1,1,3,4,0,2,3,0,0,0,0,0,0,0,0,0,0,1,1,3,1,0,0,6,0,1,0,2,0,4,5,0,1,-1,0,0,1,2,0,2,2,0,2,0,1
334,0,1,1,3,4,0,2,3,0,0,0,0,0,0,0,0,0,0,1,1,3,1,0,0,6,0,1,0,2,0,4,5,0,1,-1,1,0,2,1,0,2,2,2,2,2,0
335,0,1,1,0,0,3,1,1,0,0,0,0,0,0,0,0,0,0,1,1,0,1,2,4,3,0,1,0,1,4,0,0,4,1,8,1,1,0,1,1,2,1,1,1,0,2
336,0,1,1,0,0,3,1,1,0,0,0,0,0,0,0,0,0,0,1,1,0,1,2,4,3,0,1,0,1,4,0,0,4,1,6,0,2,1,1,0,2,2,1,2,0,0
337,0,1,1,3,4,0,2,3,0,0,0,0,0,0,0,0,0,0,1,1,3,1,0,0,7,0,1,0,2,0,4,4,5,1,0,0,2,1,1,0,1,2,1,0,2,2
338,0,0,0,2,2,4,3,4,2,2,0,0,0,0,0,0,0,0,0,0,2,0,1,3,4,0,0,2,1,1,5,3,6,0,-1,1,1,1,2,1,2,0,0,1,0,0
339,0,0,0,2,1,1,5,4,2,2,0,0,0,0,0,0,0,0,0,0,2,0,3,5,4,0,0,2,3,2,1,3,6,0,-1,2,0,0,2,1,2,0,2,2,2,0
340,0,0,2,1,3,5,0,6,1,1,0,0,0,0,0,0,0,0,0,2,1,4,4,1,2,0,0,1,0,3,3,6,1,0,-1,0,1,2,1,0,2,1,2,1,1,0
341,0,0,2,1,1,1,5,0,2,2,0,0,0,0,0,0,0,0,0,2,2,4,3,5,1,0,0,2,3,2,1,2,2,0,21,2,1,1,2,2,0,0,2,2,2,1
342,0,1,1,3,4,0,2,3,16,0,0,0,0,0,0,0,0,0,1,1,3,1,0,0,7,0,1,0,2,0,4,4,5,1,-1,0,0,1,1,1,1,0,1,1,1,0
343,0,0,2,1,3,5,0,6,1,1,0,0,0,0,0,0,0,0,0,2,1,4,4,1,2,0,0,1,0,3,3,6,1,0,14,1,2,1,1,2,1,0,1,1,1,0
344,0,1,1,0,0,3,1,1,0,0,0,0,0,0,0,0,0,0,1,1,0,1,2,4,3,0,1,0,1,4,0,0,4,1,6,0,0,2,2,1,1,1,2,1,2,0
345,0,0,2,1,1,1,5,0,2,2,0,0,0,0,0,0,0,0,0,2,2,4,3,5,1,0,0,2,3,2,1,2,2,0,20,0,2,1,1,2,1,0,0,1,1,1
346,0,0,0,2,2,4,3,7,8,2,0,0,0,0,0,0,0,0,0,0,2,0,1,3,4,0,0,2,1,1,5,3,3,0,-1,2,2,1,0,1,2,1,0,1,0,0
347,0,0,0,2,2,4,3,4,2,2,0,0,0,0,0,0,0,0,0,0,2,0,1,3,4,0,0,2,3,1,5,3,6,0,26,0,2,2,2,0,1,2,0,0,2,2
348,0,0,0,2,1,1,5,0,-1,2,0,0,0,0,0,0,0,0,0,0,2,4,3,5,1,0,0,2,3,2,1,2,2,0,-1,0,1,2,0,1,2,1,1,0,0,1
349,0,0,2,1,3,5,0,6,1,1,0,0,0,0,0,0,0,0,0,2,1,2,4,1,2,0,0,1,0,3,3,6,1,0,-1,1,2,0,0,0,0,1,0,1,0,1
350,0,1,1,3,4,0,2,3,6,0,0,0,0,0,0,0,0,0,1,1,3,1,0,0,7,0,1,0,2,0,4,4,5,1,-1,0,0,0,0,0,1,2,0,2,1,1
351,0,0,2,1,3,5,0,6,1,1,0,0,0,0,0,0,0,0,0,2,1,4,4,1,2,0,0,1,0,3,3,1,1,0,13,2,2,0,2,0,0,2,2,2,1,1
352,0,0,2,1,1,2,0,6,1,1,0,0,0,0,0,0,0,0,0,2,1,4,5,1,2,0,0,1,0,3,2,1,7,0,-1,2,2,2,0,2,2,0,0,1,0,1
353,0,1,1,0,0,3,1,1,0,0,0,0,0,0,0,0,0,0,1,1,0,1,2,4,3,0,1,0,1,4,0,0,4,1,-1,1,2,2,2,0,1,0,1,2,1,2
354,0,0,0,2,2,4,5,4,2,2,0,0,0,0,0,0,0,0,0,0,2,0,1,5,4,0,0,2,3,1,5,3,6,0,25,1,1,1,1,1,2,2,2,2,0,1
355,0,1,1,0,0,3,1,1,0,0,0,0,0,0,0,0,0,0,1,1,0,1,2,4,3,0,1,0,1,4,0,0,4,1,-1,0,0,1,2,0,0,0,0,0,2,2
356,0,1,1,3,4,0,2,3,17,0,0,0,0,0,0,0,0,0,1,1,3,1,0,0,6,0,1,0,2,0,4,5,0,1,-1,2,2,2,0,2,1,1,2,0,0,0
357,0,0,2,1,3,5,0,6,1,1,0,0,0,0,0,0,0,0,0,2,1,4,4,1,2,0,0,1,0,3,3,6,1,0,14,2,1,1,2,0,0,2,1,2,1,1
358,0,1,1,3,4,0,2,3,0,0,0,0,0,0,0,0,0,0,1,1,3,1,0,0,7,0,1,0,2,0,4,4,5,1,0,2,0,2,0,0,2,0,0,2,1,0
359,0,1,1,0,0,3,1,1,0,0,0,0,0,0,0,0,0,0,1,1,0,1,2,4,3,0,1,0,1,4,0,0,4,1,-1,1,2,1,2,0,1,0,0,0,2,0
360,0,1,1,3,4,0,2,3,0,0,0,0,0,0,0,0,0,0,1,1,3,1,0,0,6,0,1,0,2,0,4,5,0,1,2,1,1,2,2,0,2,2,2,2,2,1
361,0,0,2,1,1,1,5,0,2,2,0,0,0,0,0,0,0,0,0,2,1,4,3,5,1,0,0,2,3,2,1,2,2,0,20,0,0,0,1,2,2,2,2,1,0,1
362,0,0,0,2,2,4,3,7,8,2,0,0,0,0,0,0,0,0,0,0,2,0,1,3,4,0,0,2,1,1,5,3,3,0,-1,1,2,2,2,2,0,2,2,1,2,2
363,0,1,1,0,0,3,1,1,0,0,0,0,0,0,0,0,0,0,1,1,0,1,2,4,3,0,1,0,1,4,0,0,4,1,9,1,2,0,0,0,0,2,0,0,1,1
364,0,1,1,0,0,3,1,1,0,0,0,0,0,0,0,0,0,0,1,1,0,1,2,4,3,0,1,0,1,4,0,0,4,1,-1,0,2,2,1,0,2,0,1,1,0,0
365,0,0,0,2,1,2,6,2,1,1,0,0,0,0,0,0,0,0,0,0,2,3,5,6,0,0,0,1,1,3,2,1,7,0,11,2,0,0,1,1,0,0,0,1,0,2
366,0,0,0,2,1,2,6,2,1,1,0,0,0,0,0,0,0,0,0,2,2,3,5,6,0,0,0,1,0,3,2,1,7,0,12,0,1,2,2,2,0,1,2,0,1,1
367,0,1,1,3,4,0,2,3,0,0,0,0,0,0,0,0,0,0,1,1,3,1,0,0,6,0,1,0,2,0,0,5,0,1,4,1,1,0,1,0,2,0,1,1,0,0
368,0,0,0,2,2,1,5,4,2,2,0,0,0,0,0,0,0,0,0,0,2,0,3,5,4,0,0,2,3,1,5,3,6,0,24,1,1,0,2,1,0,2,0,1,1,1
369,0,1,1,3,4,0,2,3,16,0,0,0,0,0,0,0,0,0,1,1,3,1,0,0,7,0,1,0,2,0,4,4,5,1,-1,2,2,0,1,2,0,2,2,0,0,1
370,0,0,2,1,3,5,0,6,1,1,0,0,0,0,0,0,0,0,0,2,1,2,4,1,2,0,0,1,0,3,3,6,1,0,-1,2,1,1,1,0,0,2,1,0,1,2
371,0,1,1,0,0,3,1,1,0,0,0,0,0,0,0,0,0,0,1,1,3,1,2,4,6,0,1,0,2,4,0,5,0,1,-1,0,2,2,2,1,2,0,1,2,1,1
372,0,0,2,1,3,5,0,6,1,1,0,0,0,0,0,0,0,0,0,2,1,4,4,1,2,0,0,1,0,3,3,6,1,0,14,0,0,0,2,2,1,2,1,1,2,0
373,0,1,1,0,0,3,1,1,0,0,0,0,0,0,0,0,0,0,1,1,3,1,2,4,6,0,1,0,2,4,0,5,0,1,-1,0,0,2,2,1,2,1,2,2,0,1
374,0,0,0,2,1,1,5,4,2,2,0,0,0,0,0,0,0,0,0,0,2,0,3,5,1,0,0,2,3,2,1,2,6,0,22,2,0,2,2,1,0,1,2,1,2,0
375,0,1,1,3,4,0,2,3,0,0,0,0,0,0,0,0,0,0,1,1,3,1,0,0,6,0,1,0,2,4,0,5,0,1,4,2,0,2,2,1,1,2,0,0,0,0
376,0,0,0,2,1,2,6,2,1,1,0,0,0,0,0,0,0,0,0,0,2,3,5,6,0,0,0,1,1,3,2,1,7,0,-1,2,1,1,1,1,2,1,2,2,2,0
377,0,1,1,3,4,0,2,3,-1,0,0,0,0,0,0,0,0,0,1,1,3,1,0,0,7,0,1,0,2,0,4,4,5,1,-1,0,2,1,0,2,0,1,0,1,2,0
378,0,0,2,1,3,5,0,6,1,1,0,0,0,0,0,0,0,0,0,2,1,4,4,1,2,0,0,1,0,3,3,1,1,0,15,2,0,1,0,2,1,2,1,2,0,0
379,0,0,2,1,3,5,0,0,-1,2,0,0,0,0,0,0,0,0,0,2,1,4,4,1,1,0,0,2,3,2,1,2,2,0,29,0,0,2,1,2,0,2,2,0,1,1
380,0,0,2,1,3,5,4,5,18,1,0,0,0,0,0,0,0,0,0,2,1,2,4,2,5,0,0,1,0,3,3,6,1,0,19,2,0,2,1,2,0,1,1,2,1,0
381,0,0,0,2,1,1,5,0,-1,2,0,0,0,0,0,0,0,0,0,0,2,4,3,5,1,0,0,2,3,2,1,2,2,0,-1,1,1,2,1,2,0,1,2,1,2,0
382,0,1,1,0,0,3,1,1,0,0,0,0,0,0,0,0,0,0,1,1,0,1,2,4,3,0,1,0,1,4,0,0,4,1,8,0,0,0,0,2,2,1,1,0,0,2
383,0,0,2,1,3,5,4,5,25,1,0,0,0,0,0,0,0,0,0,2,1,2,4,2,5,0,0,1,0,3,3,6,1,0,18,1,2,1,1,2,1,1,2,0,2,2
384,0,1,1,0,0,3,1,1,-1,0,0,0,0,0,0,0,0,0,1,1,0,3,2,4,3,0,1,0,1,4,0,0,4,1,-1,1,2,2,0,1,2,1,2,1,2,1
385,0,0,0,2,2,1,5,4,2,2,0,0,0,0,0,0,0,0,0,0,2,0,3,5,4,0,0,2,3,1,5,3,6,0,24,2,0,0,0,0,0,1,1,2,1,2
386,0,0,0,2,2,4,3,4,2,2,0,0,0,0,0,0,0,0,0,0,2,0,1,3,4,0,0,2,3,1,5,3,6,0,26,0,0,1,2,1,2,1,0,0,2,0
387,0,1,1,3,4,0,2,3,0,0,0,0,0,0,0,0,0,0,1,1,3,1,0,0,6,0,1,0,2,0,4,5,0,1,2,2,0,0,2,0,1,2,0,1,2,1
388,0,0,2,1,3,5,0,6,1,1,0,0,0,0,0,0,0,0,0,2,1,4,4,1,2,0,0,1,0,3,3,6,1,0,-1,1,0,2,0,0,0,0,0,1,0,1
389,0,0,2,1,3,5,0,6,1,1,0,0,0,0,0,0,0,0,0,2,1,4,4,1,2,0,0,1,0,3,3,6,1,0,13,0,1,2,1,1,1,1,0,0,1,0
390,0,0,2,1,3,5,0,6,1,1,0,0,0,0,0,0,0,0,0,2,1,2,4,1,2,0,0,1,0,3,3,6,1,0,-1,0,0,1,0,1,1,0,0,2,0,0
391,0,0,0,2,2,4,3,4,2,2,0,0,0,0,0,0,0,0,0,0,2,0,1,3,4,0,0,2,1,1,5,3,6,0,-1,1,2,2,2,0,0,0,2,2,1,0
392,0,0,0,2,2,4,3,4,2,2,0,0,0,0,0,0,0,0,0,0,2,0,1,3,4,0,0,2,1,1,5,3,6,0,27,2,1,1,1,1,0,2,2,0,2,0
393,0,0,2,1,3,5,0,6,1,1,0,0,0,0,0,0,0,0,0,2,1,4,4,1,2,0,0,1,0,3,3,6,1,0,14,2,2,2,2,1,1,2,2,1,0,1
394,0,1,1,3,4,0,2,3,0,0,0,0,0,0,0,0,0,0,1,1,3,1,0,0,6,0,1,0,2,0,4,5,0,1,3,0,0,2,0,1,2,2,0,2,1,0
395,0,0,2,1,3,5,0,6,1,1,0,0,0,0,0,0,0,0,0,2,1,4,4,1,2,0,0,1,0,3,3,6,1,0,14,1,2,1,1,0,1,1,0,1,1,0
396,0,0,0,2,1,1,5,0,2,2,0,0,0,0,0,0,0,0,0,0,2,4,3,5,1,0,0,2,3,2,1,2,2,0,21,2,2,0,0,0,0,0,2,2,0,2
397,0,1,1,0,0,3,1,1,0,0,0,0,0,0,0,0,0,0,1,1,0,1,2,4,3,0,1,0,1,4,0,0,4,1,9,2,2,0,1,2,0,2,2,0,2,0
398,0,1,0,0,0,3,1,1,12,0,0,0,0,0,0,0,0,0,1,1,0,3,2,4,3,0,1,0,1,4,0,0,4,1,10,0,2,0,1,0,2,0,0,0,2,2
399,0,0,0,2,1,1,5,0,2,2,0,0,0,0,0,0,0,0,0,0,2,4,3,5,1,0,0,2,3,2,1,2,2,0,21,1,0,2,1,2,0,2,0,1,1,2
400,0,1,1,3,4,0,2,3,0,0,0,0,0,0,0,0,0,0,1,1,3,1,0,0,6,0,1,0,2,0,4,5,0,1,5,1,2,1,0,0,2,0,2,2,1,0
401,0,0,2,1,3,5,0,6,1,1,0,0,0,0,0,0,0,0,0,2,1,4,4,1,2,0,0,1,0,3,3,6,1,0,-1,2,1,0,1,2,1,2,0,0,2,1
402,0,1,1,3,4,0,2,3,0,0,0,0,0,0,0,0,0,0,1,1,3,1,0,0,6,0,1,0,2,0,4,5,0,1,-1,2,2,1,2,2,2,2,1,0,2,2
403,0,0,2,1,1,2,0,6,1,1,0,0,0,0,0,0,0,0,0,2,1,4,5,1,2,0,0,1,0,3,2,1,7,0,13,1,2,0,0,1,2,1,1,1,0,0
404,0,1,1,3,4,0,2,3,0,0,0,0,0,0,0,0,0,0,1,1,3,1,0,0,6,0,1,0,2,0,4,5,0,1,2,2,0,1,0,0,0,1,0,0,0,2
405,0,0,2,1,3,5,4,5,1,1,0,0,0,0,0,0,0,0,0,2,1,2,4,2,5,0,0,1,0,3,3,6,1,0,-1,0,0,1,0,1,0,1,2,2,0,0
406,0,0,2,1,1,2,0,6,26,1,0,0,0,0,0,0,0,0,0,2,1,4,3,1,2,0,0,1,0,3,2,1,7,0,-1,0,2,0,0,2,0,1,0,2,1,0
407,0,0,2,1,1,2,6,6,1,1,0,0,0,0,0,0,0,0,0,2,2,4,5,6,0,0,0,1,0,3,2,1,7,0,-1,2,2,0,2,1,1,2,2,0,2,0
408,0,0,2,1,3,5,0,6,1,1,0,0,0,0,0,0,0,0,0,2,1,4,4,1,2,0,0,1,0,3,3,6,1,0,14,1,0,0,0,0,1,1,2,1,1,0
409,0,1,1,3,4,0,2,3,0,0,0,0,0,0,0,0,0,0,1,1,3,1,0,0,7,0,1,0,2,0,4,4,5,1,1,1,0,2,2,2,1,1,1,2,2,0
410,0,0,0,2,2,4,3,4,2,2,0,0,0,0,0,0,0,0,0,0,2,0,1,3,4,0,0,2,1,1,5,3,6,0,-1,0,1,1,2,2,2,1,2,2,2,0
411,0,0,0,2,2,4,3,4,2,2,0,0,0,0,0,0,0,0,0,0,2,0,1,5,4,0,0,2,3,1,5,3,6,0,-1,2,2,2,1,0,1,0,1,2,1,2
412,0,0,0,2,2,1,5,4,2,2,0,0,0,0,0,0,0,0,0,0,2,0,3,5,4,0,0,2,3,1,5,3,6,0,23,1,0,2,2,2,0,2,2,2,1,2
413,0,0,0,2,2,2,6,2,-1,0,0,0,0,0,0,0,0,0,0,0,0,3,5,6,0,0,0,1,1,4,2,1,7,0,-1,0,0,2,0,1,2,0,0,2,1,1
414,0,0,2,1,1,2,0,6,1,1,0,0,0,0,0,0,0,0,0,2,1,4,5,1,2,0,0,1,0,3,2,1,7,0,-1,2,2,0,0,0,2,0,2,2,1,2
415,0,1,1,3,4,0,2,3,0,0,0,0,0,0,0,0,0,0,1,1,3,1,0,0,6,0,1,0,2,0,4,5,0,1,2,0,2,1,1,2,0,0,0,1,2,2
416,0,1,1,3,4,0,2,3,-1,0,0,0,0,0,0,0,0,0,1,1,3,1,0,0,7,0,1,0,2,0,4,4,5,1,-1,1,1,0,1,0,0,2,0,2,2,2
417,0,1,1,3,4,0,2,3,0,0,0,0,0,0,0,0,0,0,1,1,3,1,0,0,6,0,1,0,2,0,4,5,0,1,5,1,1,2,2,2,2,2,0,1,1,1
418,0,0,0,2,1,1,5,4,2,2,0,0,0,0,0,0,0,0,0,0,2,0,3,5,4,0,0,2,3,1,5,3,6,0,23,0,2,1,0,1,2,2,0,2,1,2
419,0,0,2,1,1,1,5,0,22,2,0,0,0,0,0,0,0,0,0,2,1,4,3,1,1,0,0,2,3,2,1,2,2,0,-1,2,0,2,0,2,0,1,1,1,1,0
420,0,1,0,2,2,4,3,7,19,2,0,0,0,0,0,0,0,0,0,0,2,0,1,3,4,0,0,2,1,1,5,3,3,1,-1,2,2,0,0,1,1,2,0,0,2,0
421,0,0,2,1,3,5,0,6,1,1,0,0,0,0,0,0,0,0,0,2,1,4,4,1,2,0,0,1,0,3,3,1,1,0,-1,2,0,1,0,2,2,2,0,2,0,2
422,0,0,2,1,3,5,0,6,1,1,0,0,0,0,0,0,0,0,0,2,1,2,4,1,2,0,0,1,0,3,3,6,1,0,-1,2,2,0,0,0,2,2,1,1,1,0
423,0,0,2,1,1,1,5,0,2,2,0,0,0,0,0,0,0,0,0,2,1,4,3,5,1,0,0,2,3,2,1,2,2,0,-1,2,1,1,2,2,0,0,2,2,1,0
424,0,0,2,1,3,5,0,6,1,1,0,0,0,0,0,0,0,0,0,2,1,2,4,1,2,0,0,1,0,3,3,6,1,0,-1,2,1,2,2,0,1,0,1,1,1,2
425,0,1,1,3,4,0,2,3,0,0,0,0,0,0,0,0,0,0,1,1,3,1,0,0,7,0,1,0,2,0,4,4,5,1,1,1,0,2,1,1,0,2,1,0,1,2
426,0,0,2,1,1,1,5,0,2,2,0,0,0,0,0,0,0,0,0,2,2,4,3,5,1,0,0,2,3,2,1,2,2,0,21,0,0,1,1,2,0,1,0,2,2,0
427,0,1,1,0,0,3,1,1,12,0,0,0,0,0,0,0,0,0,1,1,0,3,2,4,3,0,1,0,1,4,0,0,4,1,10,2,2,2,1,0,2,0,0,0,2,0
428,0,0,2,1,1,2,0,6,26,1,0,0,0,0,0,0,0,0,0,2,1,4,5,1,2,0,0,1,0,3,2,1,7,0,-1,0,1,1,0,0,1,2,2,0,2,1
429,0,0,0,2,2,1,5,4,2,2,0,0,0,0,0,0,0,0,0,0,2,0,1,5,4,0,0,2,3,1,5,3,6,0,25,1,2,0,2,1,0,2,0,2,2,2
430,0,0,0,2,2,1,5,4,2,2,0,0,0,0,0,0,0,0,0,0,2,0,3,5,4,0,0,2,3,1,5,3,6,0,24,0,0,2,1,2,2,0,1,1,0,2
431,0,0,0,2,1,2,6,2,1,1,0,0,0,0,0,0,0,0,0,0,2,3,5,6,0,0,0,1,1,3,2,1,7,0,11,0,0,0,1,1,1,2,2,1,0,1
432,0,0,0,2,2,1,5,4,2,2,0,0,0,0,0,0,0,0,0,0,2,0,3,5,4,0,0,2,3,1,5,3,6,0,24,2,2,2,2,1,0,2,1,2,0,2
433,0,0,0,2,1,2,6,2,15,1,0,0,0,0,0,0,0,0,0,0,2,3,5,6,0,0,0,1,1,3,2,1,7,0,-1,2,1,0,2,2,0,2,1,2,0,0
434,0,0,2,1,3,5,4,5,18,1,0,0,0,0,0,0,0,0,0,2,1,2,4,2,5,0,0,1,0,3,3,6,1,0,19,0,1,2,0,2,2,2,2,1,0,1
435,0,1,1,0,0,3,1,1,0,0,0,0,0,0,0,0,0,0,1,1,0,1,2,4,3,0,1,0,1,4,0,0,4,1,6,0,0,2,2,0,0,2,2,2,1,1
436,0,0,0,2,1,2,6,2,1,1,0,0,0,0,0,0,0,0,0,0,2,3,5,6,0,0,0,1,1,3,2,1,7,0,11,2,2,2,2,1,1,2,2,2,0,2
437,0,0,2,1,1,2,6,6,1,1,0,0,0,0,0,0,0,0,0,2,2,3,5,6,0,0,0,1,0,3,2,1,7,0,12,2,1,0,1,0,0,0,2,0,1,2
438,0,0,0,2,2,4,3,7,2,2,0,0,0,0,0,0,0,0,0,0,2,0,1,3,4,0,0,2,1,1,5,3,6,0,-1,1,1,0,1,2,2,0,1,0,0,2
439,0,0,2,1,3,5,0,6,1,1,0,0,0,0,0,0,0,0,0,2,1,4,4,1,2,0,0,1,0,3,3,6,1,0,-1,0,1,1,0,1,2,1,0,1,0,1
440,0,0,0,2,1,1,5,0,2,2,0,0,0,0,0,0,0,0,0,0,2,4,3,5,1,0,0,2,3,2,1,2,2,0,-1,1,0,2,0,1,2,0,1,1,1,2
441,0,0,0,2,2,2,6,2,9,1,0,0,0,0,0,0,0,0,0,0,2,3,5,6,0,0,0,1,1,3,2,1,7,0,-1,0,1,0,0,2,1,1,1,2,2,2
442,0,0,0,2,1,2,6,2,-1,1,0,0,0,0,0,0,0,0,0,0,2,3,5,6,0,0,0,1,1,3,2,1,7,0,-1,2,0,2,0,0,2,2,0,2,0,1
443,0,0,2,1,1,2,6,2,1,1,0,0,0,0,0,0,0,0,0,2,2,3,5,6,0,0,0,1,0,3,2,1,7,0,-1,1,0,1,2,1,1,0,2,2,0,2
444,0,0,2,1,3,5,4,5,5,1,0,0,0,0,0,0,0,0,0,2,1,2,4,2,5,0,0,1,0,3,3,6,1,0,18,2,2,2,1,1,2,0,0,1,0,0
445,0,1,0,2,2,4,3,7,8,2,0,0,0,0,0,0,0,0,0,0,2,0,1,3,4,0,0,2,1,1,5,3,3,1,-1,0,2,2,0,0,1,2,1,1,0,2
446,0,0,0,0,0,3,6,2,23,0,0,0,0,0,0,0,0,0,1,0,0,3,5,6,0,0,0,0,1,4,0,0,4,0,10,1,0,0,0,0,0,0,0,1,1,2
447,0,0,2,1,1,2,0,6,-1,1,0,0,0,0,0,0,0,0,0,2,1,4,5,1,2,0,0,1,0,3,2,1,7,0,-1,1,2,2,2,1,2,2,0,2,1,0
448,0,1,1,3,4,0,2,3,-1,0,0,0,0,0,0,0,0,0,1,1,3,1,0,0,7,0,1,0,2,0,4,4,5,1,-1,1,1,0,0,0,2,0,0,2,1,0
449,0,0,2,1,1,1,5,0,2,2,0,0,0,0,0,0,0,0,0,2,1,4,3,5,1,0,0,2,3,2,1,2,2,0,-1,0,0,0,1,0,0,1,2,2,1,2
450,0,0,0,2,2,1,5,4,2,2,0,0,0,0,0,0,0,0,0,0,2,0,3,5,4,0,0,2,3,1,5,3,6,0,24,1,1,2,2,2,2,0,2,1,0,1
451,0,1,1,3,4,0,2,3,0,0,0,0,0,0,0,0,0,0,1,1,3,1,0,0,7,0,1,0,2,0,4,4,5,1,0,2,0,1,1,0,1,1,2,0,1,0
452,0,0,0,2,2,1,5,4,2,2,0,0,0,0,0,0,0,0,0,0,2,0,3,5,4,0,0,2,3,1,5,3,6,0,24,1,1,1,0,1,2,1,2,1,2,2
453,0,0,0,2,2,4,3,4,2,2,0,0,0,0,0,0,0,0,0,0,2,0,1,3,4,0,0,2,1,1,5,3,6,0,27,2,0,2,2,0,0,0,1,2,1,0
454,0,0,0,2,2,1,5,4,2,2,0,0,0,0,0,0,0,0,0,0,2,0,3,5,4,0,0,2,3,1,5,3,6,0,24,0,1,1,0,0,2,0,0,2,2,2
455,0,1,1,0,0,3,1,1,0,0,0,0,0,0,0,0,0,0,1,1,0,1,2,4,3,0,1,0,1,4,0,0,4,1,6,1,1,0,1,2,2,2,0,0,0,0
456,0,0,0,2,1,2,6,2,1,1,0,0,0,0,0,0,0,0,0,0,2,3,5,6,0,0,0,1,1,3,2,1,7,0,-1,2,0,1,2,0,2,2,0,2,2,1
457,0,1,1,3,4,0,2,3,0,0,0,0,0,0,0,0,0,0,1,1,3,1,0,0,6,0,1,0,2,0,4,5,0,1,3,0,0,2,0,0,0,1,1,1,0,0
458,0,0,0,2,1,1,5,4,2,2,0,0,0,0,0,0,0,0,0,0,2,4,3,5,1,0,0,2,3,2,1,2,2,0,-1,0,0,1,2,1,2,0,2,2,0,2
459,0,0,2,1,3,5,4,5,-1,1,0,0,0,0,0,0,0,0,0,2,1,2,4,2,2,0,0,1,0,3,3,6,1,0,-1,0,2,1,0,2,1,1,0,2,1,1
460,0,0,0,2,1,2,6,2,1,1,0,0,0,0,0,0,0,0,0,0,2,3,5,6,0,0,0,1,1,3,2,1,7,0,11,0,2,1,1,0,2,2,0,2,2,1
461,0,1,1,3,4,0,2,3,0,0,0,0,0,0,0,0,0,0,1,1,3,1,0,0,6,0,1,0,2,0,4,5,0,1,-1,1,1,0,1,0,1,2,2,1,0,0
462,0,1,1,3,4,0,2,3,0,0,0,0,0,0,0,0,0,0,1,1,3,1,0,0,6,0,1,0,2,0,4,5,0,1,4,1,1,2,0,1,0,1,1,1,0,2
463,0,0,0,2,1,1,5,4,2,2,0,0,0,0,0,0,0,0,0,0,2,0,3,5,4,0,0,2,3,1,5,3,6,0,23,2,0,2,0,2,2,0,1,2,2,0
464,0,0,0,2,1,1,5,4,2,2,0,0,0,0,0,0,0,0,0,0,2,4,3,5,1,0,0,2,3,2,1,2,2,0,-1,1,1,1,1,0,1,2,2,1,1,1
465,0,0,2,1,3,1,5,0,22,2,0,0,0,0,0,0,0,0,0,2,1,4,3,1,1,0,0,2,3,2,1,2,2,0,-1,1,2,2,2,0,1,2,1,2,0,0
466,0,1,1,3,4,0,2,3,0,0,0,0,0,0,0,0,0,0,1,1,3,1,0,0,6,0,1,0,2,0,4,5,0,1,-1,1,2,1,1,1,1,2,0,1,2,0
467,0,0,0,2,2,4,3,4,2,2,0,0,0,0,0,0,0,0,0,0,2,0,1,3,4,0,0,2,3,1,5,3,6,0,-1,2,0,1,1,0,0,0,0,1,1,0
468,0,1,1,3,4,0,2,3,0,0,0,0,0,0,0,0,0,0,1,1,3,1,0,0,6,0,1,0,2,0,4,5,0,1,5,1,2,0,0,1,0,0,0,2,1,1
469,0,1,1,3,4,0,2,3,16,0,0,0,0,0,0,0,0,0,1,1,3,1,0,0,7,0,1,0,2,0,4,4,5,1,-1,2,0,1,1,0,1,0,0,2,2,0
470,0,0,2,1,3,5,4,5,-1,1,0,0,0,0,0,0,0,0,0,2,1,2,4,2,5,0,0,1,0,3,3,6,1,0,19,2,0,0,2,0,0,2,1,2,1,0
471,0,0,0,2,1,1,5,4,2,2,0,0,0,0,0,0,0,0,0,0,2,0,3,5,4,0,0,2,3,1,5,3,6,0,23,1,1,0,0,2,2,0,1,0,2,2
472,0,1,1,3,4,0,2,3,0,0,0,0,0,0,0,0,0,0,1,1,3,1,0,0,7,0,1,0,2,0,4,4,5,1,1,2,0,2,1,0,0,0,1,2,0,0
473,0,0,0,2,2,4,3,4,2,2,0,0,0,0,0,0,0,0,0,0,2,0,1,3,4,0,0,2,3,1,5,3,6,0,26,1,2,0,0,2,1,0,0,0,1,0
474,0,0,2,1,3,5,0,6,1,1,0,0,0,0,0,0,0,0,0,2,1,2,4,1,2,0,0,1,0,3,3,6,1,0,-1,0,2,0,2,1,2,2,2,1,1,2
475,0,1,1,0,0,3,1,1,0,0,0,0,0,0,0,0,0,0,1,1,0,1,2,4,3,0,1,0,1,4,0,0,4,1,6,1,1,1,0,2,2,1,0,2,0,1
476,0,1,1,0,0,3,1,1,0,0,0,0,0,0,0,0,0,0,1,1,0,1,2,4,3,0,1,0,1,4,0,0,4,1,-1,2,2,0,1,2,0,0,0,1,1,0
477,0,1,1,3,4,0,2,3,0,0,0,0,0,0,0,0,0,0,1,1,3,1,0,0,6,0,1,0,2,0,4,5,0,1,-1,2,0,1,1,2,1,0,2,2,1,0
478,0,1,1,0,0,3,1,1,0,0,0,0,0,0,0,0,0,0,1,1,0,1,2,4,3,0,1,0,1,4,0,0,4,1,-1,2,2,1,0,0,1,2,2,1,2,1
479,0,0,0,2,1,1,5,0,2,2,0,0,0,0,0,0,0,0,0,0,2,4,3,5,1,0,0,2,3,2,1,2,2,0,-1,1,1,1,1,0,1,1,0,1,2,1
480,0,0,0,2,2,2,6,2,9,1,0,0,0,0,0,0,0,0,0,0,2,3,5,6,0,0,0,1,1,3,2,1,7,0,-1,0,0,0,2,1,0,1,0,2,0,0
481,0,0,2,1,3,5,4,5,1,1,0,0,0,0,0,0,0,0,0,2,1,2,4,2,5,0,0,1,0,3,3,6,1,0,17,0,1,0,1,2,2,1,2,1,0,2
482,0,0,0,2,2,1,5,4,2,2,0,0,0,0,0,0,0,0,0,0,2,0,1,5,4,0,0,2,3,1,5,3,6,0,-1,2,1,0,0,0,1,1,1,2,1,0
483,0,0,0,2,1,2,6,2,1,1,0,0,0,0,0,0,0,0,0,0,2,3,5,6,0,0,0,1,1,3,2,1,7,0,-1,2,2,1,0,1,0,2,2,1,1,0
484,0,0,0,2,1,1,5,0,2,2,0,0,0,0,0,0,0,0,0,0,2,4,3,5,1,0,0,2,3,2,1,2,2,0,-1,0,2,1,2,1,1,0,2,2,0,1
485,0,0,2,1,3,5,4,5,-1,1,0,0,0,0,0,0,0,0,0,2,1,2,4,2,5,0,0,1,0,3,3,6,1,0,-1,1,1,2,0,2,1,1,1,0,1,1
486,0,1,1,0,0,3,1,1,0,0,0,0,0,0,0,0,0,0,1,1,0,1,2,4,3,0,1,0,1,4,0,0,4,1,6,1,0,2,1,2,2,1,1,2,2,0
487,0,0,2,1,3,5,4,5,18,1,0,0,0,0,0,0,0,0,0,2,1,2,4,2,5,0,0,1,0,3,3,6,1,0,19,1,1,2,2,2,0,0,1,1,2,1
488,0,0,2,1,3,5,0,6,1,1,0,0,0,0,0,0,0,0,0,2,1,4,4,1,2,0,0,1,0,3,3,6,1,0,-1,1,2,2,1,0,0,2,2,1,2,1
489,0,0,0,2,1,2,6,2,1,1,0,0,0,0,0,0,0,0,0,0,2,3,5,6,0,0,0,1,1,3,2,1,7,0,-1,2,0,1,2,0,0,2,2,0,2,1
490,0,0,0,2,1,1,5,4,2,2,0,0,0,0,0,0,0,0,0,0,2,0,3,5,1,0,0,2,3,2,1,2,6,0,-1,0,1,1,2,0,1,0,1,1,1,1
491,0,1,1,0,0,3,1,1,-1,0,0,0,0,0,0,0,0,0,1,1,0,1,2,4,6,0,1,0,1,4,0,0,4,1,-1,2,0,0,2,0,0,0,1,1,2,0
492,0,1,1,0,0,3,1,1,0,0,0,0,0,0,0,0,0,0,1,1,0,1,2,4,3,0,1,0,1,4,0,0,4,1,7,2,1,2,1,1,0,0,2,0,0,1
493,0,0,2,1,1,1,5,0,2,2,0,0,0,0,0,0,0,0,0,2,2,4,3,5,1,0,0,2,3,2,1,2,2,0,-1,0,1,1,2,2,2,2,1,0,1,0
494,0,0,2,1,1,2,0,6,1,1,0,0,0,0,0,0,0,0,0,2,1,4,5,1,2,0,0,1,0,3,2,1,7,0,-1,0,0,2,2,0,0,2,1,1,0,2
495,0,0,0,2,2,4,3,7,8,2,0,0,0,0,0,0,0,0,0,0,2,0,1,3,4,0,0,2,1,1,5,3,3,0,-1,1,0,2,0,0,0,0,0,1,1,0
496,0,1,1,3,4,0,2,3,0,0,0,0,0,0,0,0,0,0,1,1,3,1,0,0,7,0,1,0,2,0,4,4,5,1,0,0,0,2,2,2,0,2,0,1,2,2
497,0,0,2,1,1,2,6,2,1,1,0,0,0,0,0,0,0,0,0,2,2,3,5,6,0,0,0,1,0,3,2,1,7,0,12,1,1,1,1,2,1,2,0,2,0,2
498,0,0,2,1,3,5,4,0,13,2,0,0,0,0,0,0,0,0,0,2,1,2,4,1,1,0,0,2,3,2,1,2,2,0,29,0,1,0,2,1,0,1,0,0,0,2
499,0,1,1,0,0,3,1,1,0,0,0,0,0,0,0,0,0,0,1,1,3,1,2,4,6,0,1,0,2,4,0,5,0,1,-1,1,2,2,0,2,2,0,1,1,1,1
